date,open,high,low,close,volume,amount,factor
2021-04-06,6.26596915825916,6.404188710773578,6.238324984122731,6.3581156730651855,29871261.0,189924932.73832083,1.0
2021-04-07,6.358115406041265,6.606911205263396,6.339686103854042,6.588481903076172,48529907.0,319738414.02746964,1.0
2021-04-08,6.542408512535517,6.597696419812302,6.468691302833136,6.505549907684326,27472334.0,178722639.91757298,1.0
2021-04-09,6.533194111462161,6.533194111462161,6.459476901416257,6.496335506439209,16183349.0,105132464.72179748,1.0
2021-04-12,6.496335460332639,6.588481972236027,6.450261984686332,6.533194065093994,28133464.0,183801380.0353356,1.0
2021-04-13,6.533194134844118,6.560837869015652,6.422617879990283,6.477906227111816,20541531.0,133066111.57931042,1.0
2021-04-14,6.450262000407541,6.551623383442929,6.422617827074533,6.505549907684326,16477754.0,107196851.01354504,1.0
2021-04-15,6.514764801788371,6.5608378383217945,6.468691325865719,6.487120628356934,15324073.0,99409110.06874752,1.0
2021-04-16,6.523979103153391,6.643769786650481,6.4871204989064735,6.6069111824035645,26122167.0,172586837.26091337,1.0
2021-04-19,6.579267047897451,6.588481918707537,6.505549838973661,6.560837745666504,22821513.0,149728243.9036188,1.0
2021-04-20,6.542408427913501,6.616125636662396,6.514764694327278,6.588481903076172,19164273.0,126263465.8461113,1.0
2021-04-21,6.551623367474672,6.570052669855349,6.487120589447686,6.533194065093994,15450997.0,100944361.90018512,1.0
2021-04-22,6.551623367474672,6.625340576997382,6.514764762713317,6.533194065093994,18058453.0,117979377.96437883,1.0
2021-04-23,6.514764785766602,6.523979217294933,6.459476878428927,6.514764785766602,18434497.0,120096411.89892006,1.0
2021-04-26,6.5147648485792935,6.533194151202873,6.441047198695742,6.450262069702148,16977602.0,109509982.21509932,1.0
2021-04-27,6.394974248314137,6.42261798292873,6.312042165691875,6.367330074310303,15650406.0,99651300.7989664,1.0
2021-04-28,6.348900748027981,6.441047262052267,6.339686316320172,6.385759353637695,15450110.0,98660684.4472313,1.0
2021-04-29,6.358115572641668,6.496335562362207,6.321256967301423,6.4226179122924805,22142914.0,142215476.08675194,1.0
2021-04-30,6.358115506024665,6.367329937568565,5.906596936253577,6.0816755294799805,83236193.0,506215518.1351728,1.0
2021-05-06,6.081675654076349,6.109319828052861,5.989529139803376,5.998744010925293,25553231.0,153287291.4210405,1.0
2021-05-07,6.007958435676196,6.054031912453761,5.915811921510305,5.989529132843018,36475278.0,218469740.209548,1.0
2021-05-10,5.961884610744065,5.998743653647212,5.814450196688327,5.8697381019592285,39732955.0,233222039.86693144,1.0
2021-05-11,5.860523700714111,5.906596735647289,5.805235795160769,5.860523700714111,32505051.0,190496621.77842093,1.0
2021-05-12,5.842094324649114,5.9434552638480165,5.823665023032113,5.906596660614014,22942769.0,135513682.7606387,1.0
2021-05-13,5.869738064900153,5.961884573103215,5.85130876325954,5.915811538696289,20731413.0,122643132.23887824,1.0
2021-05-14,5.906596668181377,5.92502596982199,5.8789529354150645,5.915811538696289,25273830.0,149515215.14104843,1.0
2021-05-17,5.9065970970468,5.971099877166957,5.888167794068075,5.952670574188232,22870094.0,136138135.58271885,1.0
2021-05-18,5.943455679462415,6.054031936286016,5.897382641892718,5.971099853515625,21261419.0,126954055.87643433,1.0
2021-05-19,5.97109945857167,5.980313889720447,5.878952950137844,5.888167381286621,16927900.0,99674308.6136818,1.0
2021-05-20,5.860523700714111,5.888167433796175,5.7775916226894894,5.860523700714111,30974674.0,181527811.0988932,1.0
2021-05-21,5.823665273367109,5.842094575776308,5.694659717113481,5.703874588012695,28240172.0,161078399.43190765,1.0
2021-05-24,5.703874657935885,5.71308908955883,5.547225365842726,5.648586750030518,32345460.0,182706136.7796421,1.0
2021-05-25,5.620942500386605,5.7038745808180105,5.593298766502289,5.69465970993042,27382541.0,155934252.98821783,1.0
2021-05-26,5.6946597635022815,5.749947671180258,5.630157424239259,5.66701602935791,44882101.0,254347585.7982607,1.0
2021-05-27,5.66701602935791,5.6946597635022815,5.639371855824306,5.66701602935791,29618157.0,167846570.4790392,1.0
2021-05-28,5.676230548178856,5.703874722137313,5.556440299396846,5.5840840339660645,40566999.0,226529531.4218173,1.0
2021-05-31,5.593298959436859,5.593298959436859,5.519581307961008,5.556440353393555,35669711.0,198196621.594286,1.0
2021-06-01,5.565654785209759,5.565654785209759,5.409005489831097,5.556440353393555,52556736.0,292028368.75305176,1.0
2021-06-02,5.510366869313669,5.58408408130889,5.4735082633160586,5.547225475311279,43205415.0,239670178.75939608,1.0
2021-06-03,5.528795763765912,5.547225065402897,5.455078557217974,5.491937160491943,38257152.0,210105874.72338867,1.0
2021-06-04,5.473507896093037,5.491937197855402,5.427434421992517,5.445863723754883,32366319.0,176262562.5135784,1.0
2021-06-07,5.4274347433047305,5.436649614426054,5.15099520050362,5.178638935089111,73309322.0,379642509.2141848,1.0
2021-06-08,5.197068129011658,5.326073685670785,5.17863882654453,5.28000020980835,44420500.0,234540249.3197918,1.0
2021-06-09,5.344503107330159,5.344503107330159,5.1786389420377,5.187853813171387,32938499.0,170880117.6372919,1.0
2021-06-10,5.169424533843994,5.22471244273028,5.150995230881899,5.169424533843994,23375388.0,120837304.2153225,1.0
2021-06-11,5.160209662668326,5.215497571554612,5.141780359706231,5.169424533843994,30684441.0,158620902.11268854,1.0
2021-06-15,5.178638638002086,5.197067939798245,5.0127749218366535,5.0312042236328125,48383922.0,243429392.72232056,1.0
2021-06-16,5.0404190201408445,5.215497619587793,5.0219897170090215,5.132565975189209,37996861.0,195021395.93259385,1.0
2021-06-17,5.141780221610274,5.316858814742606,5.104921616676018,5.28000020980835,59802420.0,315756790.14704704,1.0
2021-06-18,5.289214735380626,5.344503083154174,5.169424486909239,5.206283092498779,40180419.0,209190636.0892167,1.0
2021-06-21,5.2154975885225365,5.224712459728184,5.104921770390221,5.141780376434326,26548193.0,136504977.79719114,1.0
2021-06-22,5.150995271462484,5.233926915750644,5.086492490892364,5.123351097106934,30780422.0,157698908.8231144,1.0
2021-06-23,5.141780206124187,5.335288101140836,5.095707169789744,5.307644367218018,47752853.0,253455161.24404,1.0
2021-06-24,5.298429551883033,5.3260737254849895,5.215497470466396,5.233926773071289,23317901.0,122044186.33572578,1.0
2021-06-25,5.252356006330317,5.307644352804269,5.224712272482569,5.289214611053467,25829961.0,136620207.12414122,1.0
2021-06-28,5.298429512275478,5.316858814742606,5.252356036413043,5.28000020980835,24688618.0,130355908.2198782,1.0
2021-06-29,5.280000171021431,5.353717380348416,5.252355997829199,5.32607364654541,28321143.0,150840493.37234402,1.0
2021-06-30,5.307644314144132,5.344502918598809,5.270785270300231,5.335288047790527,21530702.0,114872497.0411396,1.0
2021-07-01,5.307644231539276,5.482722380279571,5.298429360874409,5.418220043182373,33623360.0,182178763.07113647,1.0
2021-07-02,5.409005172517507,5.482722380279571,5.362932137360825,5.418220043182373,30465741.0,165070088.516603,1.0
2021-07-05,5.445863837860465,5.455078708629331,5.316858722820902,5.35371732711792,28319109.0,151612504.54184103,1.0
2021-07-06,5.344502747396066,5.510366462128928,5.316858575245984,5.491937160491943,33336613.0,183082583.7396388,1.0
2021-07-07,5.556439950904983,5.565654382053728,5.390575796335479,5.464293003082275,29892665.0,163342280.20298243,1.0
2021-07-08,5.436649500473554,5.464293234479631,5.233926733945915,5.28000020980835,48687769.0,257071430.5351005,1.0
2021-07-09,5.21999979019165,5.230000019073486,4.860000133514404,5.079999923706055,57181253.0,290480760.8774166,1.0
2021-07-12,5.099999904632568,5.179999828338623,4.809999942779541,4.840000152587891,72899560.0,352833881.5235901,1.0
2021-07-13,4.989999771118164,5.03000020980835,4.840000152587891,4.889999866485596,67975884.0,332402063.68424034,1.0
2021-07-14,4.869999885559082,4.929999828338623,4.849999904632568,4.880000114440918,26573499.0,129678678.16109562,1.0
2021-07-15,4.880000114440918,5.039999961853027,4.840000152587891,5.010000228881836,42896124.0,214909591.0581436,1.0
2021-07-16,4.989999771118164,5.03000020980835,4.949999809265137,4.980000019073486,19430598.0,96764378.41060925,1.0
2021-07-19,5.010000228881836,5.010000228881836,4.860000133514404,4.949999809265137,23668043.0,117156808.33567904,1.0
2021-07-20,4.889999866485596,4.909999847412109,4.679999828338623,4.710000038146973,55575602.0,261761087.54004097,1.0
2021-07-21,4.710000038146973,4.739999771118164,4.619999885559082,4.690000057220459,29816975.0,139841614.456141,1.0
2021-07-22,4.699999809265137,4.829999923706055,4.670000076293945,4.760000228881836,39012785.0,185700865.52931783,1.0
2021-07-23,4.760000228881836,4.78000020980835,4.670000076293945,4.690000057220459,33245249.0,155920219.7123084,1.0
2021-07-26,4.650000095367432,4.650000095367432,4.349999904632568,4.510000228881836,64415602.0,290514379.76356125,1.0
2021-07-27,4.409999847412109,4.429999828338623,4.21999979019165,4.28000020980835,65398796.0,279906860.60121346,1.0
2021-07-28,4.239999771118164,4.360000133514404,4.130000114440918,4.320000171661377,53855705.0,232656654.84494448,1.0
2021-07-29,4.329999923706055,4.349999904632568,4.210000038146973,4.28000020980835,41976649.0,179660066.52705145,1.0
2021-07-30,4.239999771118164,4.329999923706055,4.179999828338623,4.300000190734863,34363283.0,147762123.45427608,1.0
2021-08-02,4.28000020980835,4.380000114440918,4.199999809265137,4.300000190734863,48701650.0,209417104.2891025,1.0
2021-08-03,4.269999980926514,4.360000133514404,4.260000228881836,4.28000020980835,34456732.0,147474820.18931007,1.0
2021-08-04,4.289999961853027,4.320000171661377,4.21999979019165,4.260000228881836,35325002.0,150484516.6052513,1.0
2021-08-05,4.260000228881836,4.559999942779541,4.25,4.369999885559082,75729279.0,330936940.5634718,1.0
2021-08-06,4.369999885559082,4.369999885559082,4.260000228881836,4.289999961853027,51329120.0,220201922.84194943,1.0
2021-08-09,4.28000020980835,4.639999866485596,4.269999980926514,4.590000152587891,103707172.0,476015935.3044586,1.0
2021-08-10,4.570000171661377,4.639999866485596,4.460000038146973,4.610000133514404,60371564.0,278312918.1004734,1.0
2021-08-11,4.730000019073486,5.070000171661377,4.690000057220459,4.909999847412109,186421169.0,915327911.344387,1.0
2021-08-12,4.909999847412109,4.920000076293945,4.670000076293945,4.690000057220459,110928438.0,520254380.56737614,1.0
2021-08-13,4.679999828338623,4.739999771118164,4.619999885559082,4.670000076293945,49909998.0,233079694.46783063,1.0
2021-08-16,4.690000057220459,4.909999847412109,4.670000076293945,4.829999923706055,71791227.0,346751620.93276405,1.0
2021-08-17,4.829999923706055,5.050000190734863,4.769999980926514,5.019999980926514,106875826.0,536516644.4815054,1.0
2021-08-18,4.949999809265137,5.110000133514404,4.889999866485596,5.070000171661377,69026269.0,349963195.6791444,1.0
2021-08-19,5.03000020980835,5.070000171661377,4.900000095367432,4.949999809265137,52864681.0,261680160.8668623,1.0
2021-08-20,4.929999828338623,4.949999809265137,4.829999923706055,4.929999828338623,34752321.0,171328936.56436872,1.0
2021-08-23,4.900000095367432,4.940000057220459,4.78000020980835,4.809999942779541,37523547.0,180488258.92288545,1.0
2021-08-24,4.800000190734863,4.829999923706055,4.710000038146973,4.75,37439392.0,177837112.0,1.0
2021-08-25,4.769999980926514,4.809999942779541,4.710000038146973,4.760000228881836,20937596.0,99662961.7522354,1.0
2021-08-26,4.75,4.78000020980835,4.690000057220459,4.699999809265137,21751104.0,102230184.65130617,1.0
2021-08-27,4.699999809265137,4.710000038146973,4.550000190734863,4.619999885559082,32774733.0,151419262.70922947,1.0
2021-08-30,4.599999904632568,4.690000057220459,4.550000190734863,4.650000095367432,32540241.0,151312123.7532792,1.0
2021-08-31,4.610000133514404,4.809999942779541,4.599999904632568,4.800000190734863,43949898.0,210959518.7827778,1.0
2021-09-01,4.789999961853027,5.079999923706055,4.769999980926514,5.010000228881836,57203154.0,286587814.6327629,1.0
2021-09-02,5.0,5.150000095367432,4.96999979019165,5.110000133514404,50603314.0,258582941.2962713,1.0
2021-09-03,5.079999923706055,5.150000095367432,4.980000019073486,4.989999771118164,34869153.0,173997065.48908424,1.0
2021-09-06,5.010000228881836,5.050000190734863,4.900000095367432,4.940000057220459,44576665.0,220208727.65069723,1.0
2021-09-07,4.949999809265137,5.0,4.920000076293945,4.989999771118164,31610697.0,157737370.79488564,1.0
2021-09-08,4.989999771118164,5.28000020980835,4.980000019073486,5.21999979019165,76265672.0,398106791.8388252,1.0
2021-09-09,5.239999771118164,5.260000228881836,5.119999885559082,5.130000114440918,45455786.0,233188187.38200188,1.0
2021-09-10,5.150000095367432,5.300000190734863,5.099999904632568,5.139999866485596,56819563.0,292052546.2337699,1.0
2021-09-13,5.170000076293945,5.21999979019165,5.110000133514404,5.179999828338623,46699613.0,241903987.32348013,1.0
2021-09-14,5.179999828338623,5.199999809265137,4.860000133514404,4.869999885559082,62959831.0,306614369.76481915,1.0
2021-09-15,4.860000133514404,4.940000057220459,4.809999942779541,4.909999847412109,41572364.0,204120300.89656067,1.0
2021-09-16,4.900000095367432,4.960000038146973,4.570000171661377,4.570000171661377,63774206.0,291448132.367568,1.0
2021-09-17,4.610000133514404,4.619999885559082,4.420000076293945,4.5,46524476.0,209360142.0,1.0
2021-09-22,4.409999847412109,4.610000133514404,4.369999885559082,4.599999904632568,53140016.0,244444068.5321732,1.0
2021-09-23,4.599999904632568,5.039999961853027,4.579999923706055,4.769999980926514,111134719.0,530112607.5102735,1.0
2021-09-24,4.710000038146973,4.980000019073486,4.690000057220459,4.75,70811054.0,336352506.5,1.0
2021-09-27,4.75,4.820000171661377,4.53000020980835,4.559999942779541,53306870.0,243079324.14975643,1.0
2021-09-28,4.690000057220459,5.019999980926514,4.670000076293945,4.989999771118164,141054462.0,703861733.0951958,1.0
2021-09-29,4.940000057220459,5.130000114440918,4.920000076293945,4.949999809265137,140837230.0,697144261.6374302,1.0
2021-09-30,5.099999904632568,5.28000020980835,5.079999923706055,5.159999847412109,117895359.0,608340034.4505959,1.0
2021-10-08,5.21999979019165,5.239999771118164,4.989999771118164,5.079999923706055,65060649.0,330508091.9562664,1.0
2021-10-11,5.079999923706055,5.179999828338623,4.980000019073486,5.03000020980835,58668575.0,295102944.5591569,1.0
2021-10-12,5.0,5.300000190734863,4.989999771118164,5.179999828338623,88466648.0,458257221.4536934,1.0
2021-10-13,5.179999828338623,5.21999979019165,5.010000228881836,5.139999866485596,49988253.0,256939613.7458481,1.0
2021-10-14,5.050000190734863,5.079999923706055,4.829999923706055,4.860000133514404,61515684.0,298966232.4532299,1.0
2021-10-15,4.849999904632568,4.920000076293945,4.710000038146973,4.769999980926514,54141852.0,258256633.00732613,1.0
2021-10-18,4.789999961853027,4.809999942779541,4.630000114440918,4.760000228881836,46101108.0,219441284.63170624,1.0
2021-10-19,4.739999771118164,4.75,4.670000076293945,4.699999809265137,32262660.0,151634495.84638596,1.0
2021-10-20,4.710000038146973,4.71999979019165,4.599999904632568,4.639999866485596,35196882.0,163313527.78070927,1.0
2021-10-21,4.739999771118164,4.829999923706055,4.679999828338623,4.789999961853027,52097086.0,249545039.95265388,1.0
2021-10-22,4.909999847412109,5.269999980926514,4.900000095367432,5.070000171661377,131290644.0,665643587.6175327,1.0
2021-10-25,4.880000114440918,5.059999942779541,4.800000190734863,4.840000152587891,105052321.0,508453249.66971207,1.0
2021-10-26,4.829999923706055,4.829999923706055,4.739999771118164,4.760000228881836,54692790.0,260337692.9181862,1.0
2021-10-27,4.659999847412109,4.71999979019165,4.639999866485596,4.659999847412109,44440765.0,207093958.1188774,1.0
2021-10-28,4.659999847412109,4.670000076293945,4.400000095367432,4.46999979019165,60908985.0,272263150.1707864,1.0
2021-10-29,4.449999809265137,4.53000020980835,4.389999866485596,4.440000057220459,41032286.0,182183352.18788624,1.0
2021-11-01,4.429999828338623,4.429999828338623,4.260000228881836,4.349999904632568,51505059.0,224047001.7380948,1.0
2021-11-02,4.349999904632568,4.389999866485596,4.150000095367432,4.190000057220459,58940893.0,246962345.0426249,1.0
2021-11-03,4.199999809265137,4.289999961853027,4.170000076293945,4.25,36117450.0,153499162.5,1.0
2021-11-04,4.239999771118164,4.260000228881836,4.170000076293945,4.199999809265137,32187621.0,135188002.0606985,1.0
2021-11-05,4.210000038146973,4.210000038146973,4.0,4.070000171661377,80540686.0,327800605.84572506,1.0
2021-11-08,4.039999961853027,4.070000171661377,3.990000009536743,4.03000020980835,35770837.0,144156480.61502028,1.0
2021-11-09,4.039999961853027,4.059999942779541,3.990000009536743,4.0,32917399.0,131669596.0,1.0
2021-11-10,4.010000228881836,4.239999771118164,3.9800000190734863,4.230000019073486,79891665.0,337941744.4738126,1.0
2021-11-11,4.25,4.610000133514404,4.25,4.559999942779541,135638238.0,618510357.5187178,1.0
2021-11-12,4.460000038146973,4.5,4.340000152587891,4.389999866485596,73062085.0,320742543.39515924,1.0
2021-11-15,4.380000114440918,4.420000076293945,4.28000020980835,4.389999866485596,35003697.0,153666225.15650225,1.0
2021-11-16,4.380000114440918,4.460000038146973,4.329999923706055,4.349999904632568,25733929.0,111942588.69582129,1.0
2021-11-17,4.349999904632568,4.400000095367432,4.309999942779541,4.340000152587891,21662187.0,94013894.88538742,1.0
2021-11-18,4.320000171661377,4.340000152587891,4.21999979019165,4.239999771118164,33055502.0,140155320.914196,1.0
2021-11-19,4.230000019073486,4.46999979019165,4.159999847412109,4.429999828338623,96209472.0,426207944.4445496,1.0
2021-11-22,4.389999866485596,4.409999847412109,4.170000076293945,4.179999828338623,89024842.0,372123824.277873,1.0
2021-11-23,4.190000057220459,4.239999771118164,4.130000114440918,4.179999828338623,45367788.0,189637346.05210304,1.0
2021-11-24,4.170000076293945,4.329999923706055,4.159999847412109,4.25,64378988.0,273610699.0,1.0
2021-11-25,4.25,4.309999942779541,4.21999979019165,4.25,32491289.0,138087978.25,1.0
2021-11-26,4.25,4.25,4.170000076293945,4.190000057220459,27272138.0,114270259.78052424,1.0
2021-11-29,4.119999885559082,4.190000057220459,4.079999923706055,4.110000133514404,44678398.0,183628221.7452097,1.0
2021-11-30,4.110000133514404,4.179999828338623,4.099999904632568,4.119999885559082,32774947.0,135032777.88920498,1.0
2021-12-01,4.099999904632568,4.199999809265137,4.090000152587891,4.179999828338623,54278900.0,226885792.6824093,1.0
2021-12-02,4.170000076293945,4.230000019073486,4.139999866485596,4.199999809265137,39797666.0,167150189.60919762,1.0
2021-12-03,4.210000038146973,4.300000190734863,4.150000095367432,4.28000020980835,51711867.0,221326801.60958147,1.0
2021-12-06,4.380000114440918,4.5,4.320000171661377,4.340000152587891,88014747.0,381984015.4099846,1.0
2021-12-07,4.489999771118164,4.630000114440918,4.400000095367432,4.550000190734863,122922922.0,559299318.5456867,1.0
2021-12-08,4.510000228881836,4.539999961853027,4.380000114440918,4.480000019073486,54883252.0,245876970.00681496,1.0
2021-12-09,4.460000038146973,4.659999847412109,4.440000057220459,4.610000133514404,103962274.0,479266097.0204611,1.0
2021-12-10,4.590000152587891,4.78000020980835,4.559999942779541,4.659999847412109,115619898.0,538788707.0378036,1.0
2021-12-13,4.610000133514404,4.630000114440918,4.420000076293945,4.480000019073486,99647122.0,446419108.460618,1.0
2021-12-14,4.429999828338623,4.480000019073486,4.340000152587891,4.360000133514404,69754742.0,304130684.4332628,1.0
2021-12-15,4.369999885559082,4.460000038146973,4.349999904632568,4.400000095367432,47219964.0,207767846.1032467,1.0
2021-12-16,4.400000095367432,4.489999771118164,4.340000152587891,4.480000019073486,50256137.0,225147494.7185597,1.0
2021-12-17,4.5,4.579999923706055,4.389999866485596,4.400000095367432,66617817.0,293118401.1531701,1.0
2021-12-20,4.369999885559082,4.46999979019165,4.360000133514404,4.369999885559082,68568740.0,299645385.95293045,1.0
2021-12-21,4.380000114440918,4.789999961853027,4.369999885559082,4.75,158530899.0,753021770.25,1.0
2021-12-22,4.769999980926514,4.78000020980835,4.489999771118164,4.5,140995172.0,634478274.0,1.0
2021-12-23,4.449999809265137,4.449999809265137,4.389999866485596,4.429999828338623,77192811.0,341964139.4789758,1.0
2021-12-24,4.440000057220459,4.449999809265137,4.349999904632568,4.429999828338623,56374010.0,249736854.62275985,1.0
2021-12-27,4.480000019073486,4.599999904632568,4.460000038146973,4.53000020980835,75616196.0,342541383.7449093,1.0
2021-12-28,4.5,4.630000114440918,4.5,4.550000190734863,69263701.0,315149852.76100254,1.0
2021-12-29,4.539999961853027,4.559999942779541,4.429999828338623,4.440000057220459,44991004.0,199760060.3344059,1.0
2021-12-30,4.429999828338623,4.460000038146973,4.380000114440918,4.389999866485596,53746233.0,235945955.6941037,1.0
2021-12-31,4.389999866485596,4.550000190734863,4.389999866485596,4.480000019073486,67851614.0,303975232.01416683,1.0
2022-01-04,4.440000057220459,4.53000020980835,4.400000095367432,4.519999980926514,62976260.0,284652693.9988232,1.0
2022-01-05,4.510000228881836,4.769999980926514,4.5,4.670000076293945,135117936.0,631000771.4286804,1.0
2022-01-06,4.710000038146973,4.929999828338623,4.639999866485596,4.800000190734863,150989339.0,724748855.9989309,1.0
2022-01-07,4.820000171661377,5.019999980926514,4.789999961853027,4.940000057220459,112080098.0,553675690.5332747,1.0
2022-01-10,4.949999809265137,5.050000190734863,4.860000133514404,5.010000228881836,83795106.0,419813500.2391777,1.0
2022-01-11,4.989999771118164,5.079999923706055,4.909999847412109,4.960000038146973,70538808.0,349872490.370842,1.0
2022-01-12,4.920000076293945,4.96999979019165,4.809999942779541,4.940000057220459,59972504.0,296264173.1916542,1.0
2022-01-13,4.949999809265137,5.059999942779541,4.880000114440918,4.889999866485596,45935798.0,224626046.0869093,1.0
2022-01-14,4.849999904632568,4.880000114440918,4.699999809265137,4.710000038146973,48420868.0,228062290.1271096,1.0
2022-01-17,4.710000038146973,4.800000190734863,4.670000076293945,4.690000057220459,48866143.0,229182213.4661432,1.0
2022-01-18,4.679999828338623,5.0,4.670000076293945,4.909999847412109,90596375.0,444828187.42609024,1.0
2022-01-19,4.96999979019165,5.179999828338623,4.929999828338623,5.079999923706055,126793699.0,644111981.2464085,1.0
2022-01-20,5.300000190734863,5.590000152587891,5.289999961853027,5.369999885559082,320044315.0,1718637934.9238348,1.0
2022-01-21,5.199999809265137,5.429999828338623,5.090000152587891,5.210000038146973,152465972.0,794347719.9361153,1.0
2022-01-24,5.190000057220459,5.400000095367432,5.019999980926514,5.289999961853027,139212800.0,736435706.6894531,1.0
2022-01-25,5.239999771118164,5.420000076293945,5.199999809265137,5.230000019073486,84217953.0,440459895.79633,1.0
2022-01-26,5.25,5.369999885559082,5.119999885559082,5.239999771118164,62772216.0,328926397.47258,1.0
2022-01-27,5.199999809265137,5.230000019073486,4.989999771118164,5.0,100117657.0,500588285.0,1.0
2022-01-28,5.019999980926514,5.039999961853027,4.5,4.5,173072543.0,778826443.5,1.0
2022-02-07,4.400000095367432,4.429999828338623,4.059999942779541,4.400000095367432,175259532.0,771141957.5140514,1.0
2022-02-08,4.360000133514404,4.480000019073486,4.230000019073486,4.449999809265137,138677284.0,617113887.3494072,1.0
2022-02-09,4.400000095367432,4.78000020980835,4.380000114440918,4.53000020980835,123223087.0,558200609.9632325,1.0
2022-02-10,4.539999961853027,4.630000114440918,4.409999847412109,4.619999885559082,69046344.0,318994101.378273,1.0
2022-02-11,4.75,5.079999923706055,4.75,5.079999923706055,191287414.0,971740048.5259284,1.0
2022-02-14,4.989999771118164,5.059999942779541,4.659999847412109,4.820000171661377,172718888.0,832505069.8091621,1.0
2022-02-15,4.820000171661377,4.869999885559082,4.599999904632568,4.670000076293945,100121421.0,467567043.7086582,1.0
2022-02-16,4.670000076293945,4.739999771118164,4.639999866485596,4.690000057220459,57514514.0,269743073.9510069,1.0
2022-02-17,4.679999828338623,4.690000057220459,4.610000133514404,4.639999866485596,48960290.0,227175739.06309605,1.0
2022-02-18,4.659999847412109,5.059999942779541,4.659999847412109,5.0,167212672.0,836063360.0,1.0
2022-02-21,5.0,5.210000038146973,4.920000076293945,5.159999847412109,140683425.0,725926451.5334129,1.0
2022-02-22,5.099999904632568,5.210000038146973,5.039999961853027,5.079999923706055,82353355.0,418355037.1169376,1.0
2022-02-23,5.070000171661377,5.099999904632568,4.840000152587891,4.889999866485596,103041149.0,503871204.8525224,1.0
2022-02-24,4.869999885559082,4.889999866485596,4.679999828338623,4.710000038146973,84463323.0,397822254.5520201,1.0
2022-02-25,4.760000228881836,4.800000190734863,4.559999942779541,4.590000152587891,83030915.0,381111912.5195122,1.0
2022-02-28,4.559999942779541,4.610000133514404,4.429999828338623,4.5,61767295.0,277952827.5,1.0
2022-03-01,4.480000019073486,4.550000190734863,4.440000057220459,4.510000228881836,59566970.0,268647048.33379745,1.0
2022-03-02,4.599999904632568,4.760000228881836,4.570000171661377,4.630000114440918,104418080.0,483455722.3497009,1.0
2022-03-03,4.659999847412109,4.840000152587891,4.650000095367432,4.71999979019165,78830236.0,372078697.3807583,1.0
2022-03-04,4.670000076293945,4.710000038146973,4.53000020980835,4.650000095367432,59862319.0,278359789.0589156,1.0
2022-03-07,4.659999847412109,4.960000038146973,4.630000114440918,4.880000114440918,148803008.0,726158696.0691528,1.0
2022-03-08,4.849999904632568,4.869999885559082,4.579999923706055,4.590000152587891,100800395.0,462673828.4309197,1.0
2022-03-09,4.670000076293945,4.690000057220459,4.199999809265137,4.380000114440918,105419805.0,461738757.96433926,1.0
2022-03-10,4.460000038146973,4.510000228881836,4.329999923706055,4.429999828338623,71408465.0,316339487.6919246,1.0
2022-03-11,4.360000133514404,4.429999828338623,4.239999771118164,4.389999866485596,56150013.0,246498549.5731645,1.0
2022-03-14,4.340000152587891,4.489999771118164,4.25,4.260000228881836,61424670.0,261669108.25899124,1.0
2022-03-15,4.239999771118164,4.260000228881836,3.829999923706055,3.829999923706055,164453673.0,629857555.0431805,1.0
2022-03-16,3.829999923706055,3.940000057220459,3.569999933242798,3.880000114440918,152475855.0,591606334.8494768,1.0
2022-03-17,4.090000152587891,4.269999980926514,4.050000190734863,4.21999979019165,212318951.0,895985928.6737113,1.0
2022-03-18,4.110000133514404,4.400000095367432,4.059999942779541,4.369999885559082,128332490.0,560812966.613512,1.0
2022-03-21,4.320000171661377,4.380000114440918,4.239999771118164,4.28000020980835,95867931.0,410314764.7938924,1.0
2022-03-22,4.28000020980835,4.690000057220459,4.210000038146973,4.579999923706055,214389899.0,981905721.0633488,1.0
2022-03-23,4.570000171661377,4.880000114440918,4.489999771118164,4.699999809265137,252988842.0,1189047509.1462078,1.0
2022-03-24,4.579999923706055,4.679999828338623,4.53000020980835,4.53000020980835,134350849.0,608609374.1579299,1.0
2022-03-25,4.5,4.75,4.300000190734863,4.579999923706055,185340059.0,848857456.0796757,1.0
2022-03-28,4.46999979019165,4.710000038146973,4.460000038146973,4.630000114440918,154623622.0,715907387.5552692,1.0
2022-03-29,4.570000171661377,4.650000095367432,4.5,4.539999961853027,111246664.0,505059850.31627655,1.0
2022-03-30,4.550000190734863,4.880000114440918,4.550000190734863,4.809999942779541,225603371.0,1085152201.6008716,1.0
2022-03-31,4.809999942779541,5.150000095367432,4.699999809265137,4.909999847412109,236701811.0,1162205855.89217,1.0
2022-04-01,4.800000190734863,5.150000095367432,4.769999980926514,5.139999866485596,239542535.0,1231248597.9176211,1.0
2022-04-06,5.210000038146973,5.449999809265137,5.019999980926514,5.289999961853027,314027941.0,1661207795.9107847,1.0
2022-04-07,5.150000095367432,5.230000019073486,4.940000057220459,4.960000038146973,186690774.0,925986246.161688,1.0
2022-04-08,4.96999979019165,5.199999809265137,4.809999942779541,5.099999904632568,216379397.0,1103534904.0644526,1.0
2022-04-11,4.980000019073486,4.980000019073486,4.710000038146973,4.769999980926514,151700291.0,723610385.1765466,1.0
2022-04-12,4.769999980926514,4.869999885559082,4.639999866485596,4.679999828338623,140683413.0,658398348.6900916,1.0
2022-04-13,4.619999885559082,4.659999847412109,4.460000038146973,4.489999771118164,153849796.0,690785548.8265762,1.0
2022-04-14,4.579999923706055,4.940000057220459,4.510000228881836,4.940000057220459,197628620.0,976285394.1084003,1.0
2022-04-15,5.150000095367432,5.429999828338623,5.110000133514404,5.210000038146973,480391356.0,2502838983.085476,1.0
2022-04-18,5.03000020980835,5.360000133514404,4.820000171661377,5.0,369559158.0,1847795790.0,1.0
2022-04-19,5.050000190734863,5.079999923706055,4.599999904632568,4.809999942779541,253523049.0,1219445851.1832948,1.0
2022-04-20,4.800000190734863,4.820000171661377,4.329999923706055,4.329999923706055,263380890.0,1140439233.6056328,1.0
2022-04-21,4.239999771118164,4.309999942779541,4.090000152587891,4.119999885559082,183221328.0,754871850.391983,1.0
2022-04-22,4.139999866485596,4.53000020980835,4.010000228881836,4.519999980926514,303220951.0,1370558692.736519,1.0
2022-04-25,4.440000057220459,4.550000190734863,4.079999923706055,4.110000133514404,240505338.0,988476971.2909268,1.0
2022-04-26,4.199999809265137,4.369999885559082,4.099999904632568,4.150000095367432,197118160.0,818040382.7986526,1.0
2022-04-27,4.010000228881836,4.079999923706055,3.809999942779541,3.9800000190734863,222224558.0,884453745.0785971,1.0
2022-04-28,3.990000009536743,4.150000095367432,3.880000114440918,4.050000190734863,188793072.0,764611977.6094208,1.0
2022-04-29,4.050000190734863,4.460000038146973,3.9700000286102295,4.460000038146973,278511081.0,1242159431.8843546,1.0
2022-05-05,4.420000076293945,4.760000228881836,4.320000171661377,4.519999980926514,334109741.0,1510176022.9473624,1.0
2022-05-06,4.329999923706055,4.380000114440918,4.139999866485596,4.190000057220459,182894787.0,766329167.9953237,1.0
2022-05-09,4.150000095367432,4.340000152587891,4.090000152587891,4.179999828338623,140346349.0,586647714.7279525,1.0
2022-05-10,4.070000171661377,4.199999809265137,3.950000047683716,4.159999847412109,158222463.0,658205421.9371681,1.0
2022-05-11,4.119999885559082,4.190000057220459,4.019999980926514,4.110000133514404,162071782.0,666115045.6589174,1.0
2022-05-12,4.059999942779541,4.110000133514404,3.849999904632568,3.920000076293945,175875672.0,689432647.6582489,1.0
2022-05-13,3.920000076293945,4.25,3.819999933242798,4.179999828338623,269537777.0,1126667861.590774,1.0
2022-05-16,4.179999828338623,4.199999809265137,4.0,4.090000152587891,232647783.0,951529467.9692343,1.0
2022-05-17,4.03000020980835,4.099999904632568,3.890000104904175,3.950000047683716,148770247.0,587642482.7439182,1.0
2022-05-18,3.950000047683716,3.950000047683716,3.7300000190734863,3.7799999713897705,207662826.0,784965476.3387189,1.0
2022-05-19,3.700000047683716,4.159999847412109,3.660000085830689,4.110000133514404,385006611.0,1582377222.6139283,1.0
2022-05-20,3.940000057220459,3.950000047683716,3.700000047683716,3.700000047683716,577150539.0,2135457021.8206823,1.0
2022-05-23,3.549999952316284,3.609999895095825,3.4100000858306885,3.430000066757202,423586926.0,1452903184.457478,1.0
2022-05-24,3.440000057220459,3.4600000381469727,3.180000066757202,3.190000057220459,330962683.0,1055770977.7078366,1.0
2022-05-25,3.1700000762939453,3.2100000381469727,3.0799999237060547,3.190000057220459,224202742.0,715206759.8089838,1.0
2022-05-26,3.1600000858306885,3.3299999237060547,3.150000095367432,3.2799999713897705,269809979.0,884976723.4006746,1.0
2022-05-27,3.25,3.2699999809265137,3.1700000762939453,3.190000057220459,177710703.0,566897152.738688,1.0
2022-05-30,3.180000066757202,3.190000057220459,3.0999999046325684,3.130000114440918,146347413.0,458067419.4381323,1.0
2022-05-31,3.109999895095825,3.150000095367432,3.0799999237060547,3.140000104904175,124547487.0,391079122.24555135,1.0
2022-06-01,3.130000114440918,3.150000095367432,3.039999961853028,3.069999933242798,161005462.0,494286757.5917258,1.0
2022-06-02,3.0299999713897705,3.049999952316284,2.9800000190734863,3.0,161290158.0,483870474.0,1.0
2022-06-06,2.9800000190734863,3.0299999713897705,2.930000066757202,3.009999990463257,165183502.0,497202339.44468737,1.0
2022-06-07,3.0,3.049999952316284,2.9800000190734863,3.039999961853028,132357109.0,402365606.310977,1.0
2022-06-08,3.0299999713897705,3.0299999713897705,2.9600000381469727,2.990000009536743,136806146.0,409050377.8446851,1.0
2022-06-09,2.9800000190734863,3.0199999809265137,2.940000057220459,2.940000057220459,139028641.0,408744212.49528265,1.0
2022-06-10,2.799999952316284,2.799999952316284,2.650000095367432,2.720000028610229,411134886.0,1118286901.6826634,1.0
2022-06-13,2.700000047683716,2.740000009536743,2.6600000858306885,2.680000066757202,166766148.0,446933287.7728415,1.0
2022-06-14,2.6600000858306885,2.7300000190734863,2.640000104904175,2.7300000190734863,192354887.0,525128845.1788783,1.0
2022-06-15,2.7100000381469727,2.9600000381469727,2.7100000381469727,2.8399999141693115,318809214.0,905418140.3963856,1.0
2022-06-16,2.8399999141693115,2.869999885559082,2.799999952316284,2.809999942779541,142294250.0,399846834.3578577,1.0
2022-06-17,2.789999961853028,2.8299999237060547,2.7300000190734863,2.7799999713897705,127045048.0,353185229.805212,1.0
2022-06-20,2.819999933242798,2.970000028610229,2.809999942779541,2.940000057220459,274345118.0,806574662.6181536,1.0
2022-06-21,2.950000047683716,3.0199999809265137,2.9100000858306885,2.940000057220459,202930607.0,596615996.1917825,1.0
2022-06-22,2.9200000762939453,2.940000057220459,2.880000114440918,2.900000095367432,144444897.0,418890215.0753389,1.0
2022-06-23,2.900000095367432,2.950000047683716,2.859999895095825,2.9200000762939453,117400257.0,342808759.3969288,1.0
2022-06-24,2.890000104904175,2.9100000858306885,2.859999895095825,2.869999885559082,132596444.0,380551779.1055412,1.0
2022-06-27,2.869999885559082,2.9200000762939453,2.8499999046325684,2.880000114440918,135300231.0,389664680.7638826,1.0
2022-06-28,2.890000104904175,2.890000104904175,2.759999990463257,2.859999895095825,186453130.0,533255932.24028826,1.0
2022-06-29,2.869999885559082,2.9600000381469727,2.8499999046325684,2.900000095367432,197906772.0,573929657.6738605,1.0
2022-06-30,2.9100000858306885,2.9200000762939453,2.859999895095825,2.859999895095825,134810818.0,385558925.3377824,1.0
2022-07-01,2.859999895095825,2.900000095367432,2.8399999141693115,2.8499999046325684,77033625.0,219545823.90350103,1.0
2022-07-04,2.859999895095825,2.859999895095825,2.7799999713897705,2.819999933242798,106663847.0,300792041.41942,1.0
2022-07-05,2.819999933242798,2.8399999141693115,2.7699999809265137,2.789999961853028,92258849.0,257402185.1906042,1.0
2022-07-06,2.789999961853028,2.799999952316284,2.7100000381469727,2.7300000190734863,84790139.0,231477081.0872436,1.0
2022-07-07,2.7300000190734863,2.759999990463257,2.700000047683716,2.700000047683716,81577241.0,220258554.589906,1.0
2022-07-08,2.690000057220459,2.740000009536743,2.6700000762939453,2.7100000381469727,78916062.0,213862531.0304089,1.0
2022-07-11,2.7100000381469727,2.720000028610229,2.650000095367432,2.650000095367432,91391518.0,242187531.41577435,1.0
2022-07-12,2.6600000858306885,2.700000047683716,2.650000095367432,2.6600000858306885,88311639.0,234908967.3198488,1.0
2022-07-13,2.650000095367432,2.7100000381469727,2.630000114440918,2.6600000858306885,97283997.0,258775440.36995244,1.0
2022-07-14,2.650000095367432,2.650000095367432,2.509999990463257,2.5199999809265137,179847461.0,453215598.2896819,1.0
2022-07-15,2.490000009536743,2.509999990463257,2.369999885559082,2.369999885559082,182060633.0,431483679.374814,1.0
2022-07-18,2.369999885559082,2.559999942779541,2.359999895095825,2.5299999713897705,204876944.0,518338662.4584236,1.0
2022-07-19,2.539999961853028,2.630000114440918,2.5199999809265137,2.5899999141693115,167091070.0,432765856.9584584,1.0
2022-07-20,2.5999999046325684,2.609999895095825,2.559999942779541,2.569999933242798,76428173.0,196420399.507869,1.0
2022-07-21,2.569999933242798,2.5999999046325684,2.5299999713897705,2.539999961853028,77369913.0,196519576.06857204,1.0
2022-07-22,2.539999961853028,2.5999999046325684,2.490000009536743,2.5199999809265137,78182644.0,197020261.3887844,1.0
2022-07-25,2.5299999713897705,2.630000114440918,2.5199999809265137,2.559999942779541,131899872.0,337663664.7726288,1.0
2022-07-26,2.5799999237060547,2.7300000190734863,2.549999952316284,2.680000066757202,221105789.0,592563529.2804039,1.0
2022-07-27,2.6700000762939453,2.6700000762939453,2.5899999141693115,2.619999885559082,154923572.0,405899740.9104042,1.0
2022-07-28,2.619999885559082,2.7100000381469727,2.609999895095825,2.6700000762939453,151137527.0,403537208.6208782,1.0
2022-07-29,2.700000047683716,2.7100000381469727,2.5999999046325684,2.619999885559082,115190272.0,301798499.45751953,1.0
2022-08-01,2.5999999046325684,2.619999885559082,2.549999952316284,2.559999942779541,93321677.0,238903487.7800908,1.0
2022-08-02,2.509999990463257,2.509999990463257,2.380000114440918,2.4200000762939453,130982507.0,316977676.9331722,1.0
2022-08-03,2.4100000858306885,2.5,2.369999885559082,2.380000114440918,101340949.0,241191470.21755123,1.0
2022-08-04,2.380000114440918,2.4200000762939453,2.359999895095825,2.400000095367432,68793776.0,165105068.96068573,1.0
2022-08-05,2.400000095367432,2.450000047683716,2.380000114440918,2.440000057220459,77735509.0,189674646.4080615,1.0
2022-08-08,2.490000009536743,2.5799999237060547,2.450000047683716,2.4600000381469727,127047751.0,312537472.3064871,1.0
2022-08-09,2.450000047683716,2.470000028610229,2.400000095367432,2.430000066757202,95316636.0,231619431.843072,1.0
2022-08-10,2.4100000858306885,2.430000066757202,2.380000114440918,2.400000095367432,67309900.0,161543766.4191723,1.0
2022-08-11,2.400000095367432,2.5,2.390000104904175,2.4600000381469727,134951009.0,331979487.28797245,1.0
2022-08-12,2.470000028610229,2.5299999713897705,2.440000057220459,2.509999990463257,124017563.0,311284081.94727635,1.0
2022-08-15,2.5,2.539999961853028,2.450000047683716,2.4600000381469727,93761794.0,230654016.8167286,1.0
2022-08-16,2.4600000381469727,2.5199999809265137,2.450000047683716,2.5,145848915.0,364622287.5,1.0
2022-08-17,2.5299999713897705,2.5899999141693115,2.5,2.569999933242798,200108295.0,514278304.7913301,1.0
2022-08-18,2.569999933242798,2.569999933242798,2.4800000190734863,2.509999990463257,139524521.0,350206546.3793905,1.0
2022-08-19,2.509999990463257,2.640000104904175,2.5,2.559999942779541,164105658.0,420110475.0897989,1.0
2022-08-22,2.569999933242798,2.609999895095825,2.509999990463257,2.559999942779541,125271009.0,320693775.87193537,1.0
2022-08-23,2.569999933242798,2.5799999237060547,2.5199999809265137,2.5299999713897705,82254972.0,208105076.8066664,1.0
2022-08-24,2.5199999809265137,2.549999952316284,2.4600000381469727,2.4600000381469727,100683800.0,247682151.84078217,1.0
2022-08-25,2.5,2.5199999809265137,2.440000057220459,2.5,76906557.0,192266392.5,1.0
2022-08-26,2.490000009536743,2.509999990463257,2.4600000381469727,2.470000028610229,58681079.0,144942266.80887914,1.0
2022-08-29,2.440000057220459,2.4800000190734863,2.4100000858306885,2.470000028610229,103077987.0,254602630.8390849,1.0
2022-08-30,2.470000028610229,2.5899999141693115,2.4600000381469727,2.539999961853028,153295568.0,389370736.87223816,1.0
2022-08-31,2.5199999809265137,2.569999933242798,2.4800000190734863,2.5,119179044.0,297947610.0,1.0
2022-09-01,2.5,2.5899999141693115,2.490000009536743,2.5199999809265137,176362525.0,444433559.6361518,1.0
2022-09-02,2.5199999809265137,2.5299999713897705,2.4800000190734863,2.5,93724267.0,234310667.5,1.0
2022-09-05,2.4800000190734863,2.5299999713897705,2.470000028610229,2.5199999809265137,90465613.0,227973343.03450537,1.0
2022-09-06,2.5199999809265137,2.5899999141693115,2.509999990463257,2.5799999237060547,179603561.0,463377173.6773357,1.0
2022-09-07,2.5799999237060547,2.5999999046325684,2.5299999713897705,2.5799999237060547,120532608.0,310974119.4440918,1.0
2022-09-08,2.5999999046325684,2.630000114440918,2.5299999713897705,2.549999952316284,115503291.0,294533386.5423739,1.0
2022-09-09,2.539999961853028,2.640000104904175,2.5299999713897705,2.630000114440918,212143159.0,557936532.4478579,1.0
2022-09-13,2.619999885559082,2.619999885559082,2.509999990463257,2.5199999809265137,202183958.0,509503570.30364704,1.0
2022-09-14,2.4800000190734863,2.539999961853028,2.470000028610229,2.470000028610229,146065000.0,360780554.1789532,1.0
2022-09-15,2.490000009536743,2.569999933242798,2.4600000381469727,2.5199999809265137,238750350.0,601650877.4461985,1.0
2022-09-16,2.509999990463257,2.5199999809265137,2.359999895095825,2.369999885559082,267250200.0,633382943.4156418,1.0
2022-09-19,2.3399999141693115,2.3499999046325684,2.25,2.289999961853028,146324751.0,335083674.2081537,1.0
2022-09-20,2.309999942779541,2.3399999141693115,2.240000009536743,2.259999990463257,157939217.0,356942628.91377425,1.0
2022-09-21,2.220000028610229,2.3299999237060547,2.1600000858306885,2.309999942779541,204283844.0,471895667.9507847,1.0
2022-09-22,2.2799999713897705,2.3299999237060547,2.2699999809265137,2.2699999809265137,107773680.0,244646251.5443802,1.0
2022-09-23,2.259999990463257,2.3299999237060547,2.2300000190734863,2.2300000190734863,106120816.0,236649421.704094,1.0
2022-09-26,2.200000047683716,2.25,2.140000104904175,2.150000095367432,111745310.0,240252427.1568632,1.0
2022-09-27,2.150000095367432,2.240000009536743,2.109999895095825,2.220000028610229,151118083.0,335482148.58352304,1.0
2022-09-28,2.190000057220459,2.2100000381469727,2.150000095367432,2.1600000858306885,97890450.0,211443380.40200472,1.0
2022-09-29,2.1600000858306885,2.180000066757202,2.059999942779541,2.069999933242798,123137283.0,254894167.5896995,1.0
2022-09-30,2.0899999141693115,2.130000114440918,2.069999933242798,2.0899999141693115,87701650.0,183296440.972507,1.0
2022-10-10,2.0999999046325684,2.150000095367432,2.059999942779541,2.069999933242798,84890143.0,175722590.34297156,1.0
2022-10-11,2.069999933242798,2.0799999237060547,2.0,2.039999961853028,73828867.0,150610885.86365223,1.0
2022-10-12,2.039999961853028,2.0999999046325684,2.009999990463257,2.0999999046325684,84501949.0,177454084.84126616,1.0
2022-10-13,2.0799999237060547,2.0899999141693115,2.039999961853028,2.069999933242798,75368068.0,156011895.72863865,1.0
2022-10-14,2.069999933242798,2.140000104904175,2.069999933242798,2.109999895095825,120247234.0,253721651.1255632,1.0
2022-10-17,2.0899999141693115,2.150000095367432,2.059999942779541,2.150000095367432,100728262.0,216565772.90619564,1.0
2022-10-18,2.140000104904175,2.1600000858306885,2.119999885559082,2.130000114440918,77505276.0,165086246.74977493,1.0
2022-10-19,2.130000114440918,2.140000104904175,2.0899999141693115,2.0999999046325684,63862710.0,134111684.90957735,1.0
2022-10-20,2.0799999237060547,2.0999999046325684,2.059999942779541,2.0799999237060547,55616409.0,115682126.47680472,1.0
2022-10-21,2.0899999141693115,2.0999999046325684,2.0299999713897705,2.039999961853028,74658782.0,152303912.43199348,1.0
2022-10-24,2.0299999713897705,2.049999952316284,1.9600000381469729,1.9700000286102293,98514738.0,194074036.6785293,1.0
2022-10-25,1.950000047683716,1.9600000381469729,1.899999976158142,1.9299999475479128,77070386.0,148745840.93749738,1.0
2022-10-26,1.9299999475479128,1.950000047683716,1.919999957084656,1.9299999475479128,64774412.0,125014611.76244688,1.0
2022-10-27,1.9299999475479128,1.950000047683716,1.919999957084656,1.9299999475479128,64065303.0,123646031.42964111,1.0
2022-10-28,1.919999957084656,1.9299999475479128,1.809999942779541,1.820000052452088,115344773.0,209927492.9100741,1.0
2022-10-31,1.7400000095367432,1.7999999523162842,1.7300000190734863,1.7699999809265137,148419186.0,262701956.38912868,1.0
2022-11-01,1.7599999904632568,1.7999999523162842,1.7400000095367432,1.7899999618530271,137894579.0,246831291.14973927,1.0
2022-11-02,1.7699999809265137,1.830000042915344,1.7699999809265137,1.820000052452088,137162995.0,249636658.0944854,1.0
2022-11-03,1.7899999618530271,1.809999942779541,1.7599999904632568,1.7899999618530271,92083623.0,164829681.65728855,1.0
2022-11-04,1.7899999618530271,1.830000042915344,1.7799999713897705,1.820000052452088,86739787.0,157866416.8896829,1.0
2022-11-07,1.820000052452088,1.8799999952316284,1.809999942779541,1.8600000143051147,97017808.0,180453124.26785088,1.0
2022-11-08,1.8600000143051147,1.8899999856948853,1.850000023841858,1.8600000143051147,63642601.0,118375238.77041472,1.0
2022-11-09,1.8799999952316284,2.049999952316284,1.870000004768372,2.049999952316284,204696537.0,419627891.0893085,1.0
2022-11-10,2.009999990463257,2.069999933242798,1.9800000190734863,2.0,283492889.0,566985778.0,1.0
2022-11-11,2.069999933242798,2.200000047683716,2.049999952316284,2.1700000762939453,448076928.0,972326967.9455566,1.0
2022-11-14,2.25,2.2799999713897705,2.140000104904175,2.180000066757202,429828522.0,937026206.6541497,1.0
2022-11-15,2.1600000858306885,2.240000009536743,2.140000104904175,2.180000066757202,276156360.0,602020883.235426,1.0
2022-11-16,2.1600000858306885,2.200000047683716,2.119999885559082,2.140000104904175,235455057.0,503873846.68021846,1.0
2022-11-17,2.1600000858306885,2.190000057220459,2.130000114440918,2.1600000858306885,153911571.0,332449006.5703361,1.0
2022-11-18,2.1600000858306885,2.1700000762939453,2.119999885559082,2.130000114440918,138343560.0,294671798.632164,1.0
2022-11-21,2.130000114440918,2.130000114440918,2.0299999713897705,2.0899999141693115,152211184.0,318121361.4956093,1.0
2022-11-22,2.140000104904175,2.150000095367432,2.039999961853028,2.059999942779541,111877779.0,230468218.3383021,1.0
2022-11-23,2.039999961853028,2.069999933242798,2.0299999713897705,2.039999961853028,78390741.0,159917108.64963055,1.0
2022-11-24,2.0899999141693115,2.130000114440918,2.049999952316284,2.0999999046325684,165173255.0,346863819.7478509,1.0
2022-11-25,2.0999999046325684,2.200000047683716,2.0899999141693115,2.1600000858306885,256731113.0,554539226.1154082,1.0
2022-11-28,2.130000114440918,2.190000057220459,2.069999933242798,2.1700000762939453,189481770.0,411175455.3563118,1.0
2022-11-29,2.309999942779541,2.390000104904175,2.25,2.390000104904175,390858406.0,934151631.3426784,1.0
2022-11-30,2.450000047683716,2.549999952316284,2.359999895095825,2.400000095367432,693265182.0,1663836502.91492,1.0
2022-12-01,2.4100000858306885,2.5,2.3299999237060547,2.369999885559082,407218398.0,965107556.6575528,1.0
2022-12-02,2.390000104904175,2.390000104904175,2.25,2.319999933242798,253895291.0,589037058.1706607,1.0
2022-12-05,2.3399999141693115,2.380000114440918,2.2799999713897705,2.299999952316284,210396980.0,483913043.9674902,1.0
2022-12-06,2.3399999141693115,2.3399999141693115,2.2100000381469727,2.25,238139691.0,535814304.75,1.0
2022-12-07,2.2300000190734863,2.25,2.190000057220459,2.2100000381469727,145500823.0,321556824.3804159,1.0
2022-12-08,2.200000047683716,2.240000009536743,2.190000057220459,2.2100000381469727,151422433.0,334643582.7063074,1.0
2022-12-09,2.2100000381469727,2.2799999713897705,2.2100000381469727,2.259999990463257,229579284.0,518849179.6505613,1.0
2022-12-12,2.240000009536743,2.25,2.150000095367432,2.1600000858306885,157592896.0,340400668.8863068,1.0
2022-12-13,2.150000095367432,2.200000047683716,2.130000114440918,2.180000066757202,103962040.0,226637254.1402149,1.0
2022-12-14,2.180000066757202,2.190000057220459,2.119999885559082,2.130000114440918,102588044.0,218512545.46027,1.0
2022-12-15,2.130000114440918,2.1600000858306885,2.0999999046325684,2.150000095367432,84233739.0,181102546.8831553,1.0
2022-12-16,2.180000066757202,2.200000047683716,2.130000114440918,2.150000095367432,129676298.0,278804053.0668955,1.0
2022-12-19,2.150000095367432,2.200000047683716,2.069999933242798,2.0899999141693115,141433202.0,295595380.0406909,1.0
2022-12-20,2.059999942779541,2.069999933242798,2.009999990463257,2.0199999809265137,118198007.0,238759971.885552,1.0
2022-12-21,2.009999990463257,2.0299999713897705,1.950000047683716,1.9700000286102293,170571029.0,336024932.0100763,1.0
2022-12-22,2.0,2.0199999809265137,1.9700000286102293,1.9700000286102293,128272238.0,252696312.52989817,1.0
2022-12-23,1.9600000381469729,2.039999961853028,1.950000047683716,2.009999990463257,102850178.0,206728856.79914427,1.0
2022-12-26,2.0,2.009999990463257,1.9600000381469729,1.9600000381469729,79773450.0,156355965.04311562,1.0
2022-12-27,1.9700000286102293,1.9900000095367432,1.9600000381469729,1.9800000190734863,70365600.0,139323889.3421173,1.0
2022-12-28,1.950000047683716,1.9700000286102293,1.899999976158142,1.950000047683716,109838431.0,214184945.68750453,1.0
2022-12-29,1.950000047683716,1.950000047683716,1.8799999952316284,1.8899999856948853,98673994.0,186493847.2484572,1.0
2022-12-30,1.899999976158142,1.9299999475479128,1.8799999952316284,1.909999966621399,86560397.0,165330355.38073504,1.0
2023-01-03,1.919999957084656,1.919999957084656,1.8799999952316284,1.909999966621399,87993440.0,168067467.46290207,1.0
2023-01-04,1.899999976158142,1.9800000190734863,1.8899999856948853,1.9600000381469729,140740192.0,275850781.68881226,1.0
2023-01-05,1.9600000381469729,1.9700000286102293,1.919999957084656,1.940000057220459,93324163.0,181048881.56005144,1.0
2023-01-06,1.9600000381469729,1.9800000190734863,1.919999957084656,1.919999957084656,115266752.0,221312158.8932877,1.0
2023-01-09,1.9299999475479128,1.940000057220459,1.8899999856948853,1.899999976158142,75302674.0,143075078.80464435,1.0
2023-01-10,1.899999976158142,1.909999966621399,1.870000004768372,1.8799999952316284,102740760.0,193152628.31009388,1.0
2023-01-11,1.8799999952316284,1.909999966621399,1.8600000143051147,1.870000004768372,71616491.0,133922838.51149404,1.0
2023-01-12,1.870000004768372,1.870000004768372,1.830000042915344,1.850000023841858,74802335.0,138384321.53342664,1.0
2023-01-13,1.850000023841858,1.870000004768372,1.840000033378601,1.870000004768372,55140560.0,103112847.46293068,1.0
2023-01-16,1.870000004768372,1.909999966621399,1.850000023841858,1.899999976158142,78041906.0,148279619.53933597,1.0
2023-01-17,1.899999976158142,1.909999966621399,1.8799999952316284,1.899999976158142,46591158.0,88523199.08918023,1.0
2023-01-18,1.899999976158142,1.9299999475479128,1.8899999856948853,1.909999966621399,63295435.0,120894278.73728693,1.0
2023-01-19,1.909999966621399,1.919999957084656,1.8899999856948853,1.919999957084656,49492165.0,95024954.6760267,1.0
2023-01-20,1.919999957084656,1.940000057220459,1.909999966621399,1.940000057220459,55049817.0,106796648.1299758,1.0
2023-01-30,1.9700000286102293,1.9900000095367432,1.940000057220459,1.950000047683716,93483335.0,182292507.7076328,1.0
2023-01-31,1.919999957084656,1.9800000190734863,1.909999966621399,1.9800000190734863,103511684.0,204953136.2943287,1.0
2023-02-01,1.9800000190734863,1.9900000095367432,1.940000057220459,1.9800000190734863,97376866.0,192806196.53731632,1.0
2023-02-02,1.9800000190734863,2.009999990463257,1.9700000286102293,2.0,85738487.0,171476974.0,1.0
2023-02-03,2.0,2.0,1.950000047683716,1.9600000381469729,68027058.0,133333036.27502632,1.0
2023-02-06,1.950000047683716,1.9800000190734863,1.9299999475479128,1.9600000381469729,62891726.0,123267785.35912897,1.0
2023-02-07,1.9700000286102293,1.9900000095367432,1.9600000381469729,1.9900000095367432,64443926.0,128243413.35458516,1.0
2023-02-08,1.9800000190734863,2.150000095367432,1.9800000190734863,2.0199999809265137,213441332.0,431151486.5689297,1.0
2023-02-09,2.009999990463257,2.009999990463257,1.9800000190734863,2.0,107504649.0,215009298.0,1.0
2023-02-10,1.9900000095367432,2.0299999713897705,1.9800000190734863,1.9900000095367432,77996758.0,155213549.16383505,1.0
2023-02-13,1.9900000095367432,2.0,1.9600000381469729,1.9800000190734863,75170790.0,148838165.63376904,1.0
2023-02-14,1.9800000190734863,2.0,1.9600000381469729,1.9700000286102293,68098134.0,134153325.92830324,1.0
2023-02-15,1.9700000286102293,1.9700000286102293,1.940000057220459,1.950000047683716,71554412.0,139531106.81198025,1.0
2023-02-16,1.950000047683716,1.9700000286102293,1.909999966621399,1.919999957084656,105922634.0,203371452.7342937,1.0
2023-02-17,1.919999957084656,1.940000057220459,1.899999976158142,1.899999976158142,70637810.0,134211837.31586336,1.0
2023-02-20,1.909999966621399,1.9299999475479128,1.8899999856948853,1.919999957084656,78688972.0,151082822.86303568,1.0
2023-02-21,1.940000057220459,1.9600000381469729,1.919999957084656,1.9299999475479128,75561605.0,145833893.6866361,1.0
2023-02-22,1.919999957084656,1.9299999475479128,1.909999966621399,1.919999957084656,33890516.0,65069789.26557684,1.0
2023-02-23,1.919999957084656,1.950000047683716,1.919999957084656,1.919999957084656,71457922.0,137199207.17335868,1.0
2023-02-24,1.9299999475479128,1.9299999475479128,1.8899999856948853,1.909999966621399,80059675.0,152913976.57772005,1.0
2023-02-27,1.909999966621399,1.919999957084656,1.8799999952316284,1.8799999952316284,54754407.0,102938284.89891064,1.0
2023-02-28,1.8799999952316284,1.909999966621399,1.8600000143051147,1.899999976158142,81193254.0,154267180.66420197,1.0
2023-03-01,1.909999966621399,1.9299999475479128,1.8899999856948853,1.909999966621399,138823779.0,265153413.2562565,1.0
2023-03-02,1.909999966621399,1.919999957084656,1.8899999856948853,1.8899999856948853,66164563.0,125051023.12350832,1.0
2023-03-03,1.8899999856948853,1.909999966621399,1.8899999856948853,1.899999976158142,53815200.0,102248878.71694563,1.0
2023-03-06,1.899999976158142,1.899999976158142,1.8600000143051147,1.8799999952316284,98993700.0,186108155.52796125,1.0
2023-03-07,1.8799999952316284,1.8899999856948853,1.840000033378601,1.840000033378601,92029972.0,169335151.55183172,1.0
2023-03-08,1.840000033378601,1.850000023841858,1.820000052452088,1.840000033378601,68176755.0,125445231.47564472,1.0
2023-03-09,1.850000023841858,1.870000004768372,1.7999999523162842,1.7999999523162842,125758593.0,226365461.403363,1.0
2023-03-10,1.7899999618530271,1.7899999618530271,1.75,1.7599999904632568,121006841.0,212972039.00598884,1.0
2023-03-13,1.75,1.7699999809265137,1.7000000476837158,1.7300000190734863,120455693.0,208388351.18751,1.0
2023-03-14,1.7200000286102295,1.7400000095367432,1.690000057220459,1.7100000381469729,92722400.0,158555307.53707886,1.0
2023-03-15,1.7200000286102295,1.7300000190734863,1.7100000381469729,1.7100000381469729,95178278.0,162754859.01076317,1.0
2023-03-16,1.7000000476837158,1.7100000381469729,1.649999976158142,1.659999966621399,129172272.0,214425967.20841023,1.0
2023-03-17,1.6699999570846558,1.6799999475479126,1.6299999952316284,1.6699999570846558,195270100.0,326101058.61991644,1.0
2023-03-20,1.6699999570846558,1.6799999475479126,1.649999976158142,1.649999976158142,111997862.0,184796469.6297629,1.0
2023-03-21,1.659999966621399,1.6799999475479126,1.649999976158142,1.6699999570846558,89330497.0,149181926.15635097,1.0
2023-03-22,1.6799999475479126,1.690000057220459,1.6699999570846558,1.690000057220459,74274100.0,125523233.2499981,1.0
2023-03-23,1.6799999475479126,1.690000057220459,1.659999966621399,1.6699999570846558,74174683.0,123871717.42676796,1.0
2023-03-24,1.6699999570846558,1.690000057220459,1.649999976158142,1.6699999570846558,110630539.0,184752995.3822524,1.0
2023-03-27,1.6699999570846558,1.6799999475479126,1.6200000047683716,1.6399999856948853,116141404.0,190471900.8985839,1.0
2023-03-28,1.6299999952316284,1.6399999856948853,1.590000033378601,1.600000023841858,101630368.0,162608591.2230568,1.0
2023-03-29,1.600000023841858,1.6100000143051147,1.5700000524520874,1.5700000524520874,81041492.0,127235146.69079542,1.0
2023-03-30,1.5700000524520874,1.6200000047683716,1.5499999523162842,1.6100000143051147,156482807.0,251937321.5085045,1.0
2023-03-31,1.6100000143051147,1.6200000047683716,1.5800000429153442,1.590000033378601,100747422.0,160188404.342808,1.0
2023-04-03,1.5800000429153442,1.6200000047683716,1.5700000524520874,1.600000023841858,84766029.0,135625648.42097962,1.0
2023-04-04,1.600000023841858,1.6100000143051147,1.5700000524520874,1.5800000429153442,69613184.0,109988833.70747375,1.0
2023-04-06,1.5700000524520874,1.5700000524520874,1.5199999809265137,1.5299999713897705,119432714.0,182732049.00300264,1.0
2023-04-07,1.5299999713897705,1.6399999856948853,1.5299999713897705,1.590000033378601,226775017.0,360572284.5994328,1.0
2023-04-10,1.590000033378601,1.590000033378601,1.5499999523162842,1.5499999523162842,109493705.0,169715237.5289333,1.0
2023-04-11,1.5499999523162842,1.590000033378601,1.5399999618530271,1.5700000524520874,134035730.0,210436103.13045385,1.0
2023-04-12,1.5800000429153442,1.6200000047683716,1.5700000524520874,1.590000033378601,137034292.0,217884528.85401297,1.0
2023-04-13,1.590000033378601,1.6100000143051147,1.5700000524520874,1.5800000429153442,135672322.0,214362274.5824244,1.0
2023-04-14,1.5800000429153442,1.590000033378601,1.5299999713897705,1.5399999618530271,176712112.0,272136645.7389679,1.0
2023-04-17,1.5299999713897705,1.5399999618530271,1.5099999904632568,1.5299999713897705,94709711.0,144905855.12033343,1.0
2023-04-18,1.5299999713897705,1.5299999713897705,1.4900000095367432,1.4900000095367432,128128300.0,190911168.2219267,1.0
2023-04-19,1.4800000190734863,1.5,1.4500000476837158,1.4900000095367432,187055806.0,278713152.7239032,1.0
2023-04-20,1.4800000190734863,1.4800000190734863,1.440000057220459,1.4500000476837158,121219979.0,175768975.33021903,1.0
2023-04-21,1.4500000476837158,1.4700000286102295,1.3899999856948853,1.399999976158142,120064984.0,168090974.7374277,1.0
2023-04-24,1.3899999856948853,1.409999966621399,1.350000023841858,1.3899999856948853,141405116.0,196553109.2171836,1.0
2023-04-25,1.3799999952316284,1.3899999856948853,1.3300000429153442,1.350000023841858,120322645.0,162435573.6187154,1.0
2023-04-26,1.3300000429153442,1.3899999856948853,1.309999942779541,1.3700000047683716,131899060.0,180701712.82894373,1.0
2023-04-27,1.3700000047683716,1.399999976158142,1.350000023841858,1.3600000143051147,81621264.0,111004920.20760156,1.0
2023-04-28,1.3600000143051147,1.3899999856948853,1.3600000143051147,1.3799999952316284,81690200.0,112732475.61047076,1.0
2023-05-04,1.3799999952316284,1.4800000190734863,1.3799999952316284,1.4199999570846558,167692903.0,238123915.0634013,1.0
2023-05-05,1.4199999570846558,1.4500000476837158,1.3899999856948853,1.440000057220459,157020372.0,226109344.66477776,1.0
2023-05-08,1.4299999475479126,1.440000057220459,1.3799999952316284,1.4299999475479126,123961876.0,177265476.17794085,1.0
2023-05-09,1.4199999570846558,1.4500000476837158,1.399999976158142,1.409999966621399,179114098.0,252550872.201422,1.0
2023-05-10,1.399999976158142,1.4199999570846558,1.3600000143051147,1.3799999952316284,129086715.0,178139666.08446658,1.0
2023-05-11,1.3799999952316284,1.440000057220459,1.3700000047683716,1.4199999570846558,164157034.0,233102981.2351444,1.0
2023-05-12,1.4199999570846558,1.4700000286102295,1.3799999952316284,1.3799999952316284,145778583.0,201174443.84487355,1.0
2023-05-15,1.3799999952316284,1.3899999856948853,1.340000033378601,1.3700000047683716,94064373.0,128868191.45853388,1.0
2023-05-16,1.3700000047683716,1.3700000047683716,1.3300000429153442,1.340000033378601,91824172.0,123044393.5449624,1.0
2023-05-17,1.3200000524520874,1.3600000143051147,1.309999942779541,1.340000033378601,74744466.0,100157586.93486571,1.0
2023-05-18,1.340000033378601,1.350000023841858,1.2799999713897705,1.2899999618530271,147475724.0,190243678.3342476,1.0
2023-05-19,1.2799999713897705,1.2799999713897705,1.2300000190734863,1.2400000095367432,196065837.0,243121639.7498296,1.0
2023-05-22,1.2000000476837158,1.2100000381469729,1.1200000047683716,1.1200000047683716,119642200.0,133999264.57049848,1.0
2023-05-23,1.0499999523162842,1.1100000143051147,1.0499999523162842,1.0700000524520874,477899269.0,511352242.8968142,1.0
2023-05-24,1.0099999904632568,1.0299999713897705,0.959999978542328,0.959999978542328,142157800.0,136471484.94962454,1.0
2023-05-25,0.8600000143051147,0.8600000143051147,0.8600000143051147,0.8600000143051147,75275700.0,64737103.076827526,1.0
2023-05-26,0.7699999809265137,0.949999988079071,0.7699999809265137,0.949999988079071,903742809.0,858555657.7765462,1.0
2023-05-29,0.9100000262260436,0.959999978542328,0.8600000143051147,0.8600000143051147,825230294.0,709698064.645014,1.0
2023-05-30,0.8100000023841858,0.949999988079071,0.7900000214576721,0.9200000166893004,714978339.0,657780083.8124883,1.0
2023-05-31,0.8899999856948853,0.949999988079071,0.8700000047683716,0.8899999856948853,545451161.0,485451525.48725855,1.0
2023-06-01,0.8600000143051147,0.8899999856948853,0.800000011920929,0.8299999833106995,510899623.0,424046678.56344265,1.0
2023-06-02,0.8199999928474426,0.9100000262260436,0.8199999928474426,0.9100000262260436,579161724.0,527037184.0291207,1.0
2023-06-05,0.9200000166893004,1.0,0.8999999761581421,0.9700000286102296,775605933.0,752337777.2002637,1.0
2023-06-06,0.9800000190734864,1.0700000524520874,0.9700000286102296,1.0700000524520874,762748638.0,816141082.6677582,1.0
2023-06-07,1.0700000524520874,1.0700000524520874,1.0700000524520874,1.0700000524520874,0.0,0.0,1.0
2023-06-08,1.0700000524520874,1.0700000524520874,1.0700000524520874,1.0700000524520874,0.0,0.0,1.0
2023-06-09,1.0700000524520874,1.0700000524520874,1.0700000524520874,1.0700000524520874,0.0,0.0,1.0
2023-06-12,1.0700000524520874,1.0700000524520874,1.0700000524520874,1.0700000524520874,0.0,0.0,1.0
2023-06-13,1.0700000524520874,1.0700000524520874,1.0700000524520874,1.0700000524520874,0.0,0.0,1.0
2023-06-14,1.0700000524520874,1.0700000524520874,1.0700000524520874,1.0700000524520874,0.0,0.0,1.0
2023-06-15,1.0700000524520874,1.0700000524520874,1.0700000524520874,1.0700000524520874,0.0,0.0,1.0
2023-06-16,1.0700000524520874,1.0700000524520874,1.0700000524520874,1.0700000524520874,0.0,0.0,1.0
2023-06-19,1.0700000524520874,1.0700000524520874,1.0700000524520874,1.0700000524520874,0.0,0.0,1.0
2023-06-20,1.0700000524520874,1.0700000524520874,1.0700000524520874,1.0700000524520874,0.0,0.0,1.0
2023-06-21,1.0399999618530271,1.1799999475479126,0.9900000095367432,1.1799999475479126,506959208.0,598211838.8489313,1.0
2023-06-26,1.2799999713897705,1.2799999713897705,1.1100000143051147,1.1399999856948853,1071435611.0,1221436581.2129908,1.0
2023-06-27,1.1299999952316284,1.2000000476837158,1.0399999618530271,1.149999976158142,690729662.0,794339094.8317215,1.0
2023-06-28,1.1100000143051147,1.1399999856948853,1.059999942779541,1.0700000524520874,467787335.0,500532472.9864222,1.0
2023-06-29,1.0399999618530271,1.1100000143051147,1.0199999809265137,1.0299999713897705,454533418.0,468169407.5356946,1.0
2023-06-30,1.0299999713897705,1.1200000047683716,1.0199999809265137,1.1100000143051147,569653128.0,632314980.2289534,1.0
2023-07-03,1.2000000476837158,1.2200000286102295,1.159999966621399,1.2200000286102295,181706416.0,221681832.71866223,1.0
2023-07-04,1.3200000524520874,1.3200000524520874,1.2000000476837158,1.2300000190734863,947039122.0,1164858138.1233375,1.0
2023-07-05,1.2400000095367432,1.350000023841858,1.2000000476837158,1.350000023841858,651795439.0,879923858.1900142,1.0
2023-07-06,1.3600000143051147,1.4900000095367432,1.350000023841858,1.4900000095367432,850694193.0,1267534355.682852,1.0
2023-07-07,1.5299999713897705,1.6399999856948853,1.4900000095367432,1.5099999904632568,1425945268.0,2153177341.081126,1.0
2023-07-10,1.4500000476837158,1.5299999713897705,1.399999976158142,1.440000057220459,830696787.0,1196203420.8128514,1.0
2023-07-11,1.4900000095367432,1.5800000429153442,1.4800000190734863,1.5,849441600.0,1274162400.0,1.0
2023-07-12,1.4700000286102295,1.5800000429153442,1.409999966621399,1.5299999713897705,878596617.0,1344252798.8731492,1.0
2023-07-13,1.4800000190734863,1.5299999713897705,1.440000057220459,1.4500000476837158,528954033.0,766983373.0724938,1.0
2023-07-14,1.4299999475479126,1.4600000381469729,1.3700000047683716,1.3899999856948853,547670978.0,761262651.5855038,1.0
2023-07-17,1.3600000143051147,1.4700000286102295,1.3600000143051147,1.409999966621399,444061274.0,626126381.5178559,1.0
2023-07-18,1.399999976158142,1.409999966621399,1.350000023841858,1.3700000047683716,382307672.0,523761512.462985,1.0
2023-07-19,1.350000023841858,1.440000057220459,1.350000023841858,1.399999976158142,427269052.0,598176662.613112,1.0
2023-07-20,1.399999976158142,1.4299999475479126,1.3700000047683716,1.3899999856948853,401031300.0,557433501.2632012,1.0
2023-07-21,1.3700000047683716,1.5299999713897705,1.3600000143051147,1.5299999713897705,836964335.0,1280555408.6042583,1.0
2023-07-24,1.5499999523162842,1.6799999475479126,1.5,1.6799999475479126,1335347284.0,2243383367.0782475,1.0
2023-07-25,1.7300000190734863,1.850000023841858,1.7200000286102295,1.850000023841858,673093534.0,1245223053.9478004,1.0
2023-07-26,2.039999961853028,2.039999961853028,2.039999961853028,2.039999961853028,72071907.0,147026687.53067493,1.0
2023-07-27,2.140000104904175,2.240000009536743,2.0199999809265137,2.150000095367432,1662968075.0,3575381519.842994,1.0
2023-07-28,2.2100000381469727,2.359999895095825,2.0799999237060547,2.309999942779541,1975327635.0,4563006723.820847,1.0
2023-07-31,2.2699999809265137,2.539999961853028,2.2699999809265137,2.539999961853028,1340442239.0,3404723235.9261866,1.0
2023-08-01,2.539999961853028,2.75,2.4200000762939453,2.490000009536743,1827113730.0,4549513205.124714,1.0
2023-08-02,2.5199999809265137,2.6700000762939453,2.4800000190734863,2.5799999237060547,1365888361.0,3523991867.170988,1.0
2023-08-03,2.509999990463257,2.680000066757202,2.369999885559082,2.5999999046325684,1438392815.0,3739821181.824172,1.0
2023-08-04,2.5999999046325684,2.6600000858306885,2.4600000381469727,2.539999961853028,1272116302.0,3231175358.552614,1.0
2023-08-07,2.440000057220459,2.490000009536743,2.289999961853028,2.289999961853028,1198995336.0,2745699273.7019577,1.0
2023-08-08,2.259999990463257,2.3299999237060547,2.119999885559082,2.1600000858306885,1144567524.0,2472265950.0790186,1.0
2023-08-09,2.140000104904175,2.2699999809265137,2.0899999141693115,2.2100000381469727,1073671728.0,2372814559.837326,1.0
2023-08-10,2.1600000858306885,2.2300000190734863,2.130000114440918,2.2100000381469727,766025003.0,1692915285.8515348,1.0
2023-08-11,2.3299999237060547,2.390000104904175,2.25,2.3299999237060547,1291886879.0,3010096329.506853,1.0
2023-08-14,2.150000095367432,2.200000047683716,2.0999999046325684,2.119999885559082,950236220.0,2014500677.6540947,1.0
2023-08-15,2.0799999237060547,2.190000057220459,2.049999952316284,2.150000095367432,789985628.0,1698469175.5389004,1.0
2023-08-16,2.119999885559082,2.2799999713897705,2.059999942779541,2.220000028610229,1006758062.0,2235002926.443579,1.0
2023-08-17,2.150000095367432,2.200000047683716,2.109999895095825,2.130000114440918,681322181.0,1451216323.5011358,1.0
2023-08-18,2.140000104904175,2.180000066757202,1.919999957084656,1.9600000381469729,774432544.0,1517887815.782257,1.0
2023-08-21,1.950000047683716,1.9900000095367432,1.899999976158142,1.919999957084656,575898339.0,1105724786.1651244,1.0
2023-08-22,1.899999976158142,1.940000057220459,1.850000023841858,1.940000057220459,664281477.0,1288706103.390491,1.0
2023-08-23,1.899999976158142,1.909999966621399,1.809999942779541,1.809999942779541,565040186.0,1022722704.3281412,1.0
2023-08-24,1.809999942779541,1.840000033378601,1.7599999904632568,1.7699999809265137,510291600.0,903216122.26696,1.0
2023-08-25,1.7699999809265137,1.840000033378601,1.75,1.7899999618530271,664825470.0,1190037565.938921,1.0
2023-08-28,1.9700000286102293,1.9700000286102293,1.870000004768372,1.9700000286102293,682047777.0,1343634140.2035434,1.0
2023-08-29,2.009999990463257,2.1700000762939453,2.0,2.1700000762939453,1245397201.0,2702512021.186266,1.0
2023-08-30,2.2799999713897705,2.380000114440918,2.1600000858306885,2.2699999809265137,1608647889.0,3651630677.347477,1.0
2023-08-31,2.2699999809265137,2.440000057220459,2.130000114440918,2.1600000858306885,1308800293.0,2827008745.21523,1.0
2023-09-01,2.2300000190734863,2.289999961853028,2.0999999046325684,2.2300000190734863,1238029028.0,2760804756.0535297,1.0
2023-09-04,2.220000028610229,2.289999961853028,2.130000114440918,2.1600000858306885,937535417.0,2025076581.1893103,1.0
2023-09-05,2.130000114440918,2.140000104904175,2.039999961853028,2.059999942779541,732314350.0,1508567519.0966368,1.0
2023-09-06,2.0299999713897705,2.190000057220459,1.9800000190734863,2.190000057220459,1034122788.0,2264728964.8929806,1.0
2023-09-07,2.180000066757202,2.400000095367432,2.140000104904175,2.2699999809265137,1319286810.0,2994781033.536601,1.0
2023-09-08,2.1700000762939453,2.180000066757202,2.049999952316284,2.0899999141693115,889217506.0,1858464511.2178493,1.0
2023-09-11,2.049999952316284,2.0999999046325684,1.9900000095367432,2.069999933242798,555339149.0,1149552001.3571122,1.0
2023-09-12,2.059999942779541,2.059999942779541,2.0,2.009999990463257,520185023.0,1045571891.269129,1.0
2023-09-13,1.9900000095367432,2.069999933242798,1.9800000190734863,2.0299999713897705,461729202.0,937310266.8498216,1.0
2023-09-14,2.0,2.009999990463257,1.9299999475479128,1.940000057220459,510054612.0,989505976.465559,1.0
2023-09-15,1.9600000381469729,1.9700000286102293,1.909999966621399,1.919999957084656,336645392.0,646359138.1927471,1.0
2023-09-18,1.899999976158142,1.9299999475479128,1.8600000143051147,1.919999957084656,442180607.0,848986746.463667,1.0
2023-09-19,1.899999976158142,1.909999966621399,1.850000023841858,1.8600000143051147,311122348.0,578687571.7306409,1.0
2023-09-20,1.850000023841858,1.899999976158142,1.820000052452088,1.850000023841858,334170626.0,618215666.0672486,1.0
2023-09-21,1.840000033378601,1.8799999952316284,1.830000042915344,1.830000042915344,282733246.0,517401852.3135946,1.0
2023-09-22,1.820000052452088,1.8799999952316284,1.7899999618530271,1.870000004768372,462970908.0,865755600.1676173,1.0
2023-09-25,1.850000023841858,1.8600000143051147,1.7599999904632568,1.7799999713897705,418373250.0,744704373.0302453,1.0
2023-09-26,1.7699999809265137,1.7899999618530271,1.7300000190734863,1.7400000095367432,306596070.0,533477164.723928,1.0
2023-09-27,1.7300000190734863,1.75,1.690000057220459,1.690000057220459,392324900.0,663029103.4490108,1.0
2023-09-28,1.690000057220459,1.7799999713897705,1.6799999475479126,1.7400000095367432,420804238.0,732199378.1331019,1.0
2023-10-09,1.7100000381469729,1.7200000286102295,1.6399999856948853,1.659999966621399,374102937.0,621010862.9329673,1.0
2023-10-10,1.649999976158142,1.6799999475479126,1.6100000143051147,1.6200000047683716,303417750.0,491536756.4468086,1.0
2023-10-11,1.6200000047683716,1.6200000047683716,1.5499999523162842,1.5700000524520874,448290626.0,703816306.3337791,1.0
2023-10-12,1.5700000524520874,1.600000023841858,1.5399999618530271,1.5700000524520874,329027938.0,516573879.91820216,1.0
2023-10-13,1.5499999523162842,1.600000023841858,1.5399999618530271,1.5800000429153442,276757200.0,437276387.8771305,1.0
2023-10-16,1.5700000524520874,1.590000033378601,1.5399999618530271,1.5499999523162842,225558500.0,349615664.2445326,1.0
2023-10-17,1.559999942779541,1.559999942779541,1.5099999904632568,1.5299999713897705,258353783.0,395281280.598439,1.0
2023-10-18,1.5199999809265137,1.5299999713897705,1.4800000190734863,1.4900000095367432,248406400.0,370125538.368988,1.0
2023-10-19,1.4900000095367432,1.5099999904632568,1.4600000381469729,1.4900000095367432,293467831.0,437267070.9887273,1.0
2023-10-20,1.4700000286102295,1.6399999856948853,1.4600000381469729,1.6399999856948853,474694700.0,778499301.2094378,1.0
2023-10-23,1.649999976158142,1.6699999570846558,1.5299999713897705,1.5499999523162842,687522981.0,1065660587.7663496,1.0
2023-10-24,1.5299999713897705,1.6100000143051147,1.5099999904632568,1.5499999523162842,537062883.0,832447443.0408461,1.0
2023-10-25,1.5499999523162842,1.5800000429153442,1.5399999618530271,1.5499999523162842,465634700.0,721733762.7968073,1.0
2023-10-26,1.5199999809265137,1.5299999713897705,1.4800000190734863,1.5,345921536.0,518882304.0,1.0
2023-10-27,1.5,1.5299999713897705,1.4900000095367432,1.5,276593699.0,414890548.5,1.0
2023-10-30,1.5199999809265137,1.649999976158142,1.5,1.649999976158142,760800197.0,1255320306.91111,1.0
2023-10-31,1.649999976158142,1.7599999904632568,1.590000033378601,1.690000057220459,1004749043.0,1698025940.1622014,1.0
2023-11-01,1.6399999856948853,1.6799999475479126,1.600000023841858,1.6100000143051147,498127357.0,801985051.895769,1.0
2023-11-02,1.600000023841858,1.6100000143051147,1.5399999618530271,1.5700000524520874,401297343.0,630036849.5588833,1.0
2023-11-03,1.5800000429153442,1.600000023841858,1.5499999523162842,1.5800000429153442,263821129.0,416837395.14197457,1.0
2023-11-06,1.5700000524520874,1.649999976158142,1.559999942779541,1.6299999952316284,432283791.0,704622577.2687103,1.0
2023-11-07,1.6200000047683716,1.6699999570846558,1.6100000143051147,1.6200000047683716,369779300.0,599042467.7632451,1.0
2023-11-08,1.6200000047683716,1.6799999475479126,1.6100000143051147,1.649999976158142,486693813.0,803044779.8463153,1.0
2023-11-09,1.6699999570846558,1.7000000476837158,1.6299999952316284,1.6299999952316284,428445057.0,698365440.8670148,1.0
2023-11-10,1.6100000143051147,1.6200000047683716,1.559999942779541,1.600000023841858,293750970.0,470001559.0035689,1.0
2023-11-13,1.600000023841858,1.6100000143051147,1.559999942779541,1.600000023841858,228184067.0,365094512.6403321,1.0
2023-11-14,1.590000033378601,1.6200000047683716,1.5800000429153442,1.6100000143051147,197673926.0,318255023.6877482,1.0
2023-11-15,1.6299999952316284,1.6399999856948853,1.590000033378601,1.600000023841858,259966490.0,415946390.1980841,1.0
2023-11-16,1.5800000429153442,1.590000033378601,1.559999942779541,1.5700000524520874,220052300.0,345482122.5422025,1.0
2023-11-17,1.5499999523162842,1.5700000524520874,1.5399999618530271,1.559999942779541,186959059.0,291656121.34211683,1.0
2023-11-20,1.590000033378601,1.6100000143051147,1.5700000524520874,1.5800000429153442,189957371.0,300132654.332086,1.0
2023-11-21,1.590000033378601,1.7400000095367432,1.5800000429153442,1.7400000095367432,871241617.0,1515960421.8888075,1.0
2023-11-22,1.7200000286102295,1.7899999618530271,1.659999966621399,1.6699999570846558,822920900.0,1374277867.6840663,1.0
2023-11-23,1.649999976158142,1.840000033378601,1.6200000047683716,1.840000033378601,770147646.0,1417071694.346451,1.0
2023-11-24,1.899999976158142,2.0199999809265137,1.8600000143051147,1.9299999475479128,1176945951.0,2271505623.696728,1.0
2023-11-27,1.820000052452088,1.9900000095367432,1.809999942779541,1.8899999856948853,754036169.0,1425128348.623426,1.0
2023-11-28,1.8799999952316284,1.9299999475479128,1.830000042915344,1.870000004768372,473494701.0,885435093.1277987,1.0
2023-11-29,1.850000023841858,1.8600000143051147,1.7899999618530271,1.7999999523162842,498801592.0,897842841.8152866,1.0
2023-11-30,1.7899999618530271,1.830000042915344,1.7699999809265137,1.7799999713897705,341671479.0,608175222.8447006,1.0
2023-12-01,1.7799999713897705,1.9299999475479128,1.7400000095367432,1.8600000143051147,567101473.0,1054808747.8924516,1.0
2023-12-04,1.830000042915344,1.840000033378601,1.7599999904632568,1.7899999618530271,402519900.0,720510605.6450844,1.0
2023-12-05,1.7799999713897705,1.8600000143051147,1.7599999904632568,1.7899999618530271,362305400.0,648526652.1791458,1.0
2023-12-06,1.7899999618530271,1.820000052452088,1.7699999809265137,1.809999942779541,276301505.0,500105708.23990107,1.0
2023-12-07,1.7999999523162842,1.8799999952316284,1.7799999713897705,1.840000033378601,407018384.0,748913840.1457043,1.0
2023-12-08,1.850000023841858,1.850000023841858,1.7799999713897705,1.7799999713897705,318399100.0,566750388.8905287,1.0
2023-12-11,1.7699999809265137,1.830000042915344,1.7200000286102295,1.820000052452088,271778184.0,494636309.13533306,1.0
2023-12-12,1.809999942779541,1.9299999475479128,1.7999999523162842,1.899999976158142,505823763.0,961065137.6402216,1.0
2023-12-13,1.870000004768372,1.8799999952316284,1.830000042915344,1.840000033378601,329716569.0,606678497.9654778,1.0
2023-12-14,1.850000023841858,1.8799999952316284,1.830000042915344,1.850000023841858,202784886.0,375152043.9347685,1.0
2023-12-15,1.8799999952316284,1.919999957084656,1.850000023841858,1.8600000143051147,324537563.0,603639871.8225471,1.0
2023-12-18,1.850000023841858,2.0199999809265137,1.809999942779541,1.9299999475479128,570769368.0,1101584850.3019552,1.0
2023-12-19,1.909999966621399,1.9800000190734863,1.8799999952316284,1.9600000381469729,387480537.0,759461867.3012094,1.0
2023-12-20,1.9800000190734863,2.0,1.940000057220459,1.950000047683716,276989784.0,540130092.0079021,1.0
2023-12-21,1.950000047683716,2.150000095367432,1.9299999475479128,2.150000095367432,822512811.0,1768402622.0909345,1.0
2023-12-22,2.130000114440918,2.1600000858306885,2.0299999713897705,2.039999961853028,733462348.0,1496263161.940632,1.0
2023-12-25,2.009999990463257,2.0299999713897705,1.9600000381469729,1.9900000095367432,379767205.0,755736741.5717423,1.0
2023-12-26,1.9800000190734863,1.9900000095367432,1.8899999856948853,1.8899999856948853,391278837.0,739516996.3327113,1.0
2023-12-27,1.870000004768372,1.909999966621399,1.7000000476837158,1.7799999713897705,634425566.0,1129277489.328939,1.0
2023-12-28,1.75,1.8799999952316284,1.7300000190734863,1.840000033378601,449535130.0,827144654.2048538,1.0
2023-12-29,1.840000033378601,1.8899999856948853,1.7999999523162842,1.809999942779541,340531500.0,616361995.5146313,1.0
2024-01-02,1.809999942779541,1.820000052452088,1.7599999904632568,1.7599999904632568,267331660.0,470503719.0505266,1.0
2024-01-03,1.7699999809265137,1.809999942779541,1.7599999904632568,1.7799999713897705,254970357.0,453847228.1652396,1.0
2024-01-04,1.7699999809265137,1.7899999618530271,1.7400000095367432,1.7899999618530271,172133700.0,308119316.43362045,1.0
2024-01-05,1.7899999618530271,1.820000052452088,1.75,1.820000052452088,283772780.0,516466474.48447466,1.0
2024-01-08,1.8899999856948853,1.9700000286102293,1.8600000143051147,1.870000004768372,466115126.0,871635287.8426101,1.0
2024-01-09,1.840000033378601,1.850000023841858,1.7799999713897705,1.7999999523162842,281423802.0,506562830.1806674,1.0
2024-01-10,1.7799999713897705,1.820000052452088,1.7400000095367432,1.7599999904632568,234143100.0,412091853.7670374,1.0
2024-01-11,1.7699999809265137,1.7899999618530271,1.75,1.7899999618530271,206975800.0,370486674.1044998,1.0
2024-01-12,1.7799999713897705,1.820000052452088,1.7699999809265137,1.7899999618530271,206516600.0,369664706.1220169,1.0
2024-01-15,1.7799999713897705,1.7999999523162842,1.7599999904632568,1.7999999523162842,166745392.0,300141697.6489601,1.0
2024-01-16,1.7899999618530271,1.7999999523162842,1.7400000095367432,1.75,194711200.0,340744600.0,1.0
2024-01-17,1.7400000095367432,1.7400000095367432,1.6299999952316284,1.6299999952316284,283232040.0,461668223.8494444,1.0
2024-01-18,1.6100000143051147,1.6799999475479126,1.5800000429153442,1.659999966621399,257254600.0,427042627.4132013,1.0
2024-01-19,1.659999966621399,1.6699999570846558,1.6299999952316284,1.6299999952316284,130994900.0,213521686.37536764,1.0
2024-01-22,1.6200000047683716,1.6299999952316284,1.4900000095367432,1.5299999713897705,294456200.0,450517977.5755405,1.0
2024-01-23,1.4900000095367432,1.559999942779541,1.4700000286102295,1.5,301166100.0,451749150.0,1.0
2024-01-24,1.5,1.600000023841858,1.4900000095367432,1.5700000524520874,367494083.0,576965729.5858318,1.0
2024-01-25,1.5800000429153442,1.6799999475479126,1.5700000524520874,1.649999976158142,368207400.0,607542201.2212515,1.0
2024-01-26,1.659999966621399,1.7100000381469729,1.6399999856948853,1.649999976158142,326879500.0,539351167.2065854,1.0
2024-01-29,1.6699999570846558,1.690000057220459,1.5800000429153442,1.5800000429153442,268365300.0,424017185.5169892,1.0
2024-01-30,1.5499999523162842,1.6200000047683716,1.5399999618530271,1.5399999618530271,183913800.0,283227244.9842453,1.0
2024-01-31,1.5299999713897705,1.559999942779541,1.4900000095367432,1.5,193478800.0,290218200.0,1.0
2024-02-01,1.4500000476837158,1.4800000190734863,1.3799999952316284,1.4299999475479126,242296483.0,346483957.9810437,1.0
2024-02-02,1.4500000476837158,1.4900000095367432,1.309999942779541,1.409999966621399,303898441.0,428496791.6662952,1.0
2024-02-05,1.409999966621399,1.4199999570846558,1.2699999809265137,1.2699999809265137,253762680.0,322278598.759861,1.0
2024-02-06,1.2300000190734863,1.340000033378601,1.1399999856948853,1.340000033378601,320932096.0,430049019.3522644,1.0
2024-02-07,1.340000033378601,1.3700000047683716,1.2799999713897705,1.2899999618530271,239201251.0,308569604.6651964,1.0
2024-02-08,1.309999942779541,1.3799999952316284,1.2799999713897705,1.3700000047683716,259490512.0,355502002.6773472,1.0
2024-02-19,1.3799999952316284,1.5099999904632568,1.3799999952316284,1.5099999904632568,345266117.0,521351833.3772857,1.0
2024-02-20,1.5199999809265137,1.649999976158142,1.4700000286102295,1.6100000143051147,402681360.0,648316995.3604031,1.0
2024-02-21,1.6100000143051147,1.6699999570846558,1.5499999523162842,1.590000033378601,327334636.0,520462082.1659722,1.0
2024-02-22,1.659999966621399,1.7400000095367432,1.6100000143051147,1.6200000047683716,366899512.0,594377211.1895132,1.0
2024-02-23,1.6100000143051147,1.6200000047683716,1.559999942779541,1.600000023841858,312162877.0,499460610.64254296,1.0
2024-02-26,1.5800000429153442,1.6100000143051147,1.5499999523162842,1.5700000524520874,275490475.0,432520060.2000505,1.0
2024-02-27,1.5700000524520874,1.6399999856948853,1.5499999523162842,1.6200000047683716,279219414.0,452335452.0114219,1.0
2024-02-28,1.6100000143051147,1.6299999952316284,1.5499999523162842,1.5499999523162842,310630856.0,481477811.98796654,1.0
2024-02-29,1.5199999809265137,1.5700000524520874,1.5099999904632568,1.5700000524520874,220077004.0,345520907.82349825,1.0
2024-03-01,1.5800000429153442,1.5800000429153442,1.5299999713897705,1.5499999523162842,206570471.0,320184220.1999524,1.0
2024-03-04,1.5299999713897705,1.5399999618530271,1.4800000190734863,1.5,243149758.0,364724637.0,1.0
2024-03-05,1.4800000190734863,1.559999942779541,1.4700000286102295,1.5099999904632568,223630900.0,337682656.86728954,1.0
2024-03-06,1.5,1.5299999713897705,1.4900000095367432,1.5,157169200.0,235753800.0,1.0
2024-03-07,1.5099999904632568,1.5299999713897705,1.4800000190734863,1.5,162941501.0,244412251.5,1.0
2024-03-08,1.4900000095367432,1.5,1.4299999475479126,1.4800000190734863,173909604.0,257386217.23706245,1.0
2024-03-11,1.4600000381469729,1.5399999618530271,1.4600000381469729,1.5399999618530271,236678728.0,364485232.09142303,1.0
2024-03-12,1.5299999713897705,1.6299999952316284,1.5,1.600000023841858,396202747.0,633924404.6462096,1.0
2024-03-13,1.5700000524520874,1.5800000429153442,1.5299999713897705,1.5399999618530271,230513010.0,354990026.6066265,1.0
2024-03-14,1.5299999713897705,1.600000023841858,1.5099999904632568,1.5499999523162842,238794771.0,370131883.663378,1.0
2024-03-15,1.5299999713897705,1.559999942779541,1.5099999904632568,1.5299999713897705,163373875.0,249962024.075836,1.0
2024-03-18,1.5299999713897705,1.5399999618530271,1.5099999904632568,1.5399999618530271,132482562.0,204023140.42619133,1.0
2024-03-19,1.5299999713897705,1.559999942779541,1.5199999809265137,1.5199999809265137,148821987.0,226209417.40144587,1.0
2024-03-20,1.5099999904632568,1.5299999713897705,1.5099999904632568,1.5199999809265137,110642487.0,168176578.12966204,1.0
2024-03-21,1.5199999809265137,1.5499999523162842,1.5099999904632568,1.5299999713897705,170298861.0,260557252.4577105,1.0
2024-03-22,1.5199999809265137,1.5299999713897705,1.4700000286102295,1.5,186995156.0,280492734.0,1.0
2024-03-25,1.5,1.5299999713897705,1.4700000286102295,1.4800000190734863,168444393.0,249297704.85282183,1.0
2024-03-26,1.4800000190734863,1.5199999809265137,1.4700000286102295,1.5099999904632568,175773125.0,265417417.07369685,1.0
2024-03-27,1.5,1.5099999904632568,1.4500000476837158,1.4600000381469729,156753400.0,228859969.9796677,1.0
2024-03-28,1.440000057220459,1.4700000286102295,1.440000057220459,1.4500000476837158,129246039.0,187406762.7129314,1.0
2024-03-29,1.4500000476837158,1.4500000476837158,1.3899999856948853,1.399999976158142,106054048.0,148475664.67147446,1.0
2024-04-01,1.399999976158142,1.409999966621399,1.3799999952316284,1.409999966621399,156689300.0,220931907.7699304,1.0
2024-04-02,1.399999976158142,1.5299999713897705,1.3799999952316284,1.4600000381469729,329991711.0,481787910.6481848,1.0
2024-04-03,1.4299999475479126,1.4500000476837158,1.399999976158142,1.409999966621399,162986190.0,229810522.4597489,1.0
2024-04-08,1.399999976158142,1.4299999475479126,1.3899999856948853,1.3899999856948853,115588901.0,160668570.7364875,1.0
2024-04-09,1.3899999856948853,1.409999966621399,1.3799999952316284,1.399999976158142,85065327.0,119091455.77188456,1.0
2024-04-10,1.409999966621399,1.409999966621399,1.3600000143051147,1.3799999952316284,91282401.0,125969712.9447316,1.0
2024-04-11,1.3600000143051147,1.3899999856948853,1.3600000143051147,1.3799999952316284,73116139.0,100900271.47135508,1.0
2024-04-12,1.3700000047683716,1.3799999952316284,1.3200000524520874,1.3300000429153442,117176600.0,155844883.02867413,1.0
2024-04-15,1.3200000524520874,1.3300000429153442,1.2000000476837158,1.2599999904632568,202904654.0,255659862.10495043,1.0
2024-04-16,1.2300000190734863,1.2400000095367432,1.1799999475479126,1.1799999475479126,178722106.0,210892075.70565248,1.0
2024-04-17,1.159999966621399,1.2799999713897705,1.159999966621399,1.2699999809265137,191370800.0,243040912.3498917,1.0
2024-04-18,1.2699999809265137,1.2699999809265137,1.2400000095367432,1.2400000095367432,103218275.0,127990661.98436618,1.0
2024-04-19,1.2300000190734863,1.2599999904632568,1.2000000476837158,1.2100000381469729,111981400.0,135497498.2717514,1.0
2024-04-22,1.2000000476837158,1.25,1.2000000476837158,1.2000000476837158,101602628.0,121923158.44479084,1.0
2024-04-23,1.2000000476837158,1.2000000476837158,1.2000000476837158,1.2000000476837158,0.0,0.0,1.0
2024-04-24,1.1399999856948853,1.1399999856948853,1.1399999856948853,1.1399999856948853,30021700.0,34224737.57053614,1.0
2024-04-25,1.0800000429153442,1.0800000429153442,1.0800000429153442,1.0800000429153442,8267000.0,8928360.35478115,1.0
2024-04-26,1.0299999713897705,1.0299999713897705,1.0299999713897705,1.0299999713897705,32596900.0,33574806.06739521,1.0
2024-04-29,1.0,1.0800000429153442,1.0,1.0800000429153442,252019721.0,272181309.4955131,1.0
2024-04-30,1.1299999952316284,1.1299999952316284,1.1299999952316284,1.1299999952316284,22623025.0,25564018.14212501,1.0
2024-05-06,1.190000057220459,1.190000057220459,1.190000057220459,1.190000057220459,37484739.0,44606841.55489397,1.0
2024-05-07,1.25,1.25,1.190000057220459,1.25,354379000.0,442973750.0,1.0
2024-05-08,1.2699999809265137,1.309999942779541,1.2599999904632568,1.2999999523162842,284998765.0,370498380.9101999,1.0
2024-05-09,1.2799999713897705,1.350000023841858,1.25,1.2899999618530271,336825858.0,434505343.9711132,1.0
2024-05-10,1.2999999523162842,1.350000023841858,1.2899999618530271,1.350000023841858,284710991.0,384359844.638039,1.0
2024-05-13,1.3700000047683716,1.4199999570846558,1.340000033378601,1.4199999570846558,198184574.0,281422086.5748408,1.0
2024-05-14,1.4800000190734863,1.4900000095367432,1.440000057220459,1.4900000095367432,274230338.0,408603206.2352643,1.0
2024-05-15,1.5199999809265137,1.559999942779541,1.5099999904632568,1.559999942779541,144204966.0,224959738.7085257,1.0
2024-05-16,1.6399999856948853,1.6399999856948853,1.6200000047683716,1.6399999856948853,127148600.0,208523702.1811247,1.0
2024-05-17,1.7200000286102295,1.7200000286102295,1.559999942779541,1.6100000143051147,557156815.0,897022480.1201922,1.0
2024-05-20,1.659999966621399,1.6799999475479126,1.5299999713897705,1.5299999713897705,392888603.0,601119551.3493669,1.0
2024-05-21,1.4800000190734863,1.5299999713897705,1.4500000476837158,1.4900000095367432,361757923.0,539019308.7199924,1.0
2024-05-22,1.5399999618530271,1.559999942779541,1.5199999809265137,1.559999942779541,168467903.0,262809919.04018927,1.0
2024-05-23,1.6200000047683716,1.6399999856948853,1.5299999713897705,1.559999942779541,306272003.0,477784307.1549754,1.0
2024-05-24,1.5299999713897705,1.5399999618530271,1.4800000190734863,1.4800000190734863,223210400.0,330351396.2574005,1.0
2024-05-27,1.4900000095367432,1.5,1.4199999570846558,1.4700000286102295,152993230.0,224900052.47717145,1.0
2024-05-28,1.4900000095367432,1.5099999904632568,1.399999976158142,1.399999976158142,200011880.0,280016627.2313452,1.0
2024-05-29,1.3700000047683716,1.4299999475479126,1.3300000429153442,1.340000033378601,239100400.0,320394543.98083687,1.0
2024-05-30,1.3300000429153442,1.409999966621399,1.2899999618530271,1.399999976158142,249198695.0,348878167.0586401,1.0
2024-05-31,1.3799999952316284,1.4600000381469729,1.3600000143051147,1.440000057220459,205006448.0,295209296.85056305,1.0
2024-06-03,1.4199999570846558,1.4500000476837158,1.3700000047683716,1.3700000047683716,168562703.0,230930903.9137696,1.0
2024-06-04,1.340000033378601,1.3899999856948853,1.309999942779541,1.350000023841858,153995623.0,207894094.72154176,1.0
2024-06-05,1.340000033378601,1.399999976158142,1.309999942779541,1.3799999952316284,155283868.0,214291737.0995488,1.0
2024-06-06,1.3700000047683716,1.399999976158142,1.309999942779541,1.309999942779541,173965524.0,227894826.48561287,1.0
2024-06-07,1.340000033378601,1.3600000143051147,1.2899999618530271,1.3300000429153442,134356200.0,178693751.76594257,1.0
2024-06-11,1.3300000429153442,1.340000033378601,1.2699999809265137,1.309999942779541,132451974.0,173512078.36103725,1.0
2024-06-12,1.3200000524520874,1.3799999952316284,1.2999999523162842,1.3799999952316284,149948615.0,206929087.9849893,1.0
2024-06-13,1.3700000047683716,1.3799999952316284,1.3200000524520874,1.3200000524520874,150433300.0,198571963.8905406,1.0
2024-06-14,1.309999942779541,1.3700000047683716,1.309999942779541,1.350000023841858,119403900.0,161195267.84681082,1.0
2024-06-17,1.340000033378601,1.3700000047683716,1.3200000524520874,1.3600000143051147,104274170.0,141812872.69165397,1.0
2024-06-18,1.3600000143051147,1.3799999952316284,1.340000033378601,1.3600000143051147,104703957.0,142397383.01780212,1.0
2024-06-19,1.350000023841858,1.3700000047683716,1.309999942779541,1.3200000524520874,107321067.0,141663814.069214,1.0
2024-06-20,1.3200000524520874,1.350000023841858,1.2599999904632568,1.2699999809265137,156999897.0,199389866.1954646,1.0
2024-06-21,1.25,1.2699999809265137,1.2100000381469729,1.2300000190734863,132913397.0,163483480.84512186,1.0
2024-06-24,1.190000057220459,1.2000000476837158,1.1699999570846558,1.1699999570846558,154614249.0,180898664.69467628,1.0
2024-06-25,1.2200000286102295,1.2200000286102295,1.1100000143051147,1.1100000143051147,260812400.0,289501767.7309513,1.0
2024-06-26,1.0499999523162842,1.1200000047683716,1.0499999523162842,1.0499999523162842,265996000.0,279295787.3163223,1.0
2024-06-27,1.100000023841858,1.100000023841858,1.0800000429153442,1.100000023841858,134139821.0,147553806.29814255,1.0
2024-06-28,1.159999966621399,1.159999966621399,1.159999966621399,1.159999966621399,7667700.0,8894531.7440629,1.0
2024-07-01,1.2200000286102295,1.2200000286102295,1.1699999570846558,1.2200000286102295,258253474.0,315069245.6686912,1.0
2024-07-02,1.2300000190734863,1.2599999904632568,1.2000000476837158,1.2100000381469729,184404500.0,223129452.03447345,1.0
2024-07-03,1.2000000476837158,1.2300000190734863,1.1799999475479126,1.190000057220459,142983900.0,170150849.1816044,1.0
2024-07-04,1.1799999475479126,1.190000057220459,1.1299999952316284,1.1299999952316284,144250403.0,163002954.70216048,1.0
2024-07-05,1.1100000143051147,1.1799999475479126,1.100000023841858,1.1699999570846558,149808673.0,175276140.98090923,1.0
2024-07-08,1.149999976158142,1.159999966621399,1.1100000143051147,1.1200000047683716,106008100.0,118729072.505486,1.0
2024-07-09,1.1100000143051147,1.149999976158142,1.1100000143051147,1.1399999856948853,103523100.0,118016332.51909018,1.0
2024-07-10,1.1200000047683716,1.159999966621399,1.1100000143051147,1.1200000047683716,92632600.0,103748512.44170666,1.0
2024-07-11,1.1399999856948853,1.149999976158142,1.1200000047683716,1.1299999952316284,98058100.0,110805652.53242254,1.0
2024-07-12,1.1200000047683716,1.159999966621399,1.1100000143051147,1.1399999856948853,113825000.0,129760498.37172031,1.0
2024-07-15,1.1200000047683716,1.1299999952316284,1.100000023841858,1.1100000143051147,84681100.0,93996022.21137284,1.0
2024-07-16,1.1100000143051147,1.1200000047683716,1.090000033378601,1.100000023841858,72399851.0,79639837.82614696,1.0
2024-07-17,1.090000033378601,1.1399999856948853,1.0800000429153442,1.1200000047683716,108673232.0,121714020.35819437,1.0
2024-07-18,1.100000023841858,1.1100000143051147,1.090000033378601,1.100000023841858,75551500.0,83106651.80128813,1.0
2024-07-19,1.100000023841858,1.1100000143051147,1.090000033378601,1.100000023841858,50756732.0,55832406.41013479,1.0
2024-07-22,1.090000033378601,1.100000023841858,1.059999942779541,1.0800000429153442,84880932.0,91671410.20269442,1.0
2024-07-23,1.0800000429153442,1.1100000143051147,1.0700000524520874,1.0800000429153442,83189500.0,89844663.57010603,1.0
2024-07-24,1.0800000429153442,1.090000033378601,1.0399999618530271,1.059999942779541,93725946.0,99349497.39695837,1.0
2024-07-25,1.0499999523162842,1.1100000143051147,1.0499999523162842,1.1100000143051147,62800341.0,69708379.40836608,1.0
2024-07-26,1.1699999570846558,1.1699999570846558,1.149999976158142,1.1699999570846558,60406500.0,70675602.40763426,1.0
2024-07-29,1.1699999570846558,1.1799999475479126,1.1100000143051147,1.1200000047683716,131515900.0,147297808.62711668,1.0
2024-07-30,1.1200000047683716,1.149999976158142,1.1100000143051147,1.1399999856948853,94548700.0,107785516.64747,1.0
2024-07-31,1.1299999952316284,1.149999976158142,1.1100000143051147,1.1399999856948853,98594783.0,112398051.20959032,1.0
2024-08-01,1.159999966621399,1.2000000476837158,1.149999976158142,1.149999976158142,111370483.0,128076052.79472075,1.0
2024-08-02,1.1399999856948853,1.1799999475479126,1.1299999952316284,1.159999966621399,114265900.0,132548440.18596412,1.0
2024-08-05,1.149999976158142,1.1699999570846558,1.1200000047683716,1.1299999952316284,90861600.0,102673607.56673811,1.0
2024-08-06,1.1299999952316284,1.149999976158142,1.1299999952316284,1.1399999856948853,60744200.0,69248387.13104725,1.0
2024-08-07,1.1399999856948853,1.149999976158142,1.1299999952316284,1.1299999952316284,45938100.0,51910052.78095007,1.0
2024-08-08,1.1299999952316284,1.190000057220459,1.1200000047683716,1.159999966621399,127189651.0,147539990.91458738,1.0
2024-08-09,1.149999976158142,1.190000057220459,1.1399999856948853,1.1699999570846558,119009187.0,139240743.68267977,1.0
2024-08-12,1.159999966621399,1.1699999570846558,1.1399999856948853,1.149999976158142,66227600.0,76161738.42101097,1.0
2024-08-13,1.149999976158142,1.2100000381469729,1.149999976158142,1.2100000381469729,193905959.0,234626217.7869253,1.0
2024-08-14,1.190000057220459,1.2200000286102295,1.1699999570846558,1.190000057220459,126752976.0,150836048.69286346,1.0
2024-08-15,1.1799999475479126,1.25,1.1799999475479126,1.25,147852332.0,184815415.0,1.0
2024-08-16,1.2799999713897705,1.309999942779541,1.2599999904632568,1.2599999904632568,203249417.0,256094263.4816625,1.0
2024-08-19,1.2599999904632568,1.2899999618530271,1.2000000476837158,1.2000000476837158,214351311.0,257221583.421067,1.0
2024-08-20,1.1699999570846558,1.1799999475479126,1.1399999856948853,1.159999966621399,118704111.0,137696764.79782283,1.0
2024-08-21,1.159999966621399,1.1799999475479126,1.149999976158142,1.159999966621399,77253000.0,89613477.42140293,1.0
2024-08-22,1.159999966621399,1.1699999570846558,1.1399999856948853,1.149999976158142,67778100.0,77944813.38404417,1.0
2024-08-23,1.1399999856948853,1.159999966621399,1.1299999952316284,1.149999976158142,66321472.0,76269691.21877289,1.0
2024-08-26,1.1399999856948853,1.159999966621399,1.1299999952316284,1.1399999856948853,69651600.0,79402823.00362587,1.0
2024-08-27,1.1399999856948853,1.149999976158142,1.1200000047683716,1.1299999952316284,55991100.0,63269942.73301363,1.0
2024-08-28,1.1299999952316284,1.1799999475479126,1.1100000143051147,1.149999976158142,98526100.0,113305012.65095472,1.0
2024-08-29,1.1399999856948853,1.159999966621399,1.1299999952316284,1.1399999856948853,67986800.0,77504951.02744102,1.0
2024-08-30,1.1399999856948853,1.2000000476837158,1.1399999856948853,1.1799999475479126,117939087.0,139168116.4738487,1.0
2024-09-02,1.149999976158142,1.190000057220459,1.149999976158142,1.159999966621399,89965541.0,104360024.5570761,1.0
2024-09-03,1.159999966621399,1.2100000381469729,1.159999966621399,1.1799999475479126,106765341.0,125983096.779935,1.0
2024-09-04,1.1799999475479126,1.2000000476837158,1.1699999570846558,1.1799999475479126,78825150.0,93013672.86545634,1.0
2024-09-05,1.1799999475479126,1.2400000095367432,1.1799999475479126,1.2200000286102295,123583791.0,150772228.55576062,1.0
2024-09-06,1.2100000381469729,1.2200000286102295,1.1799999475479126,1.2000000476837158,104218850.0,125062624.96954204,1.0
2024-09-09,1.190000057220459,1.2000000476837158,1.1799999475479126,1.1799999475479126,45353617.0,53517265.68110812,1.0
2024-09-10,1.190000057220459,1.2100000381469729,1.1799999475479126,1.190000057220459,51672741.0,61490564.74673796,1.0
2024-09-11,1.190000057220459,1.2000000476837158,1.159999966621399,1.1699999570846558,54633600.0,63921309.65538025,1.0
2024-09-12,1.1699999570846558,1.1799999475479126,1.159999966621399,1.159999966621399,32017500.0,37140298.93130064,1.0
2024-09-13,1.159999966621399,1.190000057220459,1.159999966621399,1.1699999570846558,47410897.0,55470747.45534504,1.0
2024-09-18,1.1799999475479126,1.2000000476837158,1.1699999570846558,1.190000057220459,65964700.0,78497996.77453041,1.0
2024-09-19,1.190000057220459,1.2200000286102295,1.1799999475479126,1.190000057220459,77213446.0,91884005.15818882,1.0
2024-09-20,1.190000057220459,1.2000000476837158,1.1699999570846558,1.190000057220459,70324125.0,83685712.77397871,1.0
2024-09-23,1.190000057220459,1.2200000286102295,1.1799999475479126,1.2100000381469729,87354525.0,105698978.58231068,1.0
2024-09-24,1.2100000381469729,1.2300000190734863,1.2000000476837158,1.2200000286102295,104041000.0,126930022.97663689,1.0
2024-09-25,1.2200000286102295,1.2599999904632568,1.2100000381469729,1.2200000286102295,131921125.0,160943776.27429366,1.0
2024-09-26,1.2100000381469729,1.2599999904632568,1.2000000476837158,1.25,160408200.0,200510250.0,1.0
2024-09-27,1.2699999809265137,1.2799999713897705,1.2200000286102295,1.2300000190734863,230442300.0,283444033.39533806,1.0
2024-09-30,1.2599999904632568,1.2799999713897705,1.2300000190734863,1.2799999713897705,346719206.0,443800573.760284,1.0
2024-10-08,1.340000033378601,1.340000033378601,1.2400000095367432,1.25,407783407.0,509729258.75,1.0
2024-10-09,1.2300000190734863,1.2300000190734863,1.190000057220459,1.190000057220459,178715300.0,212671217.2261715,1.0
2024-10-10,1.1799999475479126,1.1799999475479126,1.1299999952316284,1.1399999856948853,192553904.0,219511447.8054943,1.0
2024-10-11,1.1299999952316284,1.190000057220459,1.1200000047683716,1.1699999570846558,141613679.0,165687998.35260022,1.0
2024-10-14,1.190000057220459,1.2100000381469729,1.1699999570846558,1.1799999475479126,127027679.0,149892654.55713308,1.0
2024-10-15,1.1699999570846558,1.1799999475479126,1.149999976158142,1.149999976158142,101458100.0,116676812.5810504,1.0
2024-10-16,1.1100000143051147,1.1799999475479126,1.100000023841858,1.159999966621399,161610664.0,187468364.8456621,1.0
2024-10-17,1.1699999570846558,1.1799999475479126,1.149999976158142,1.149999976158142,116039399.0,133445306.08340514,1.0
2024-10-18,1.149999976158142,1.159999966621399,1.1399999856948853,1.1399999856948853,109698856.0,125056694.27074528,1.0
2024-10-21,1.1299999952316284,1.1399999856948853,1.1100000143051147,1.1299999952316284,117311460.0,132561949.24061535,1.0
2024-10-22,1.1299999952316284,1.1399999856948853,1.1200000047683716,1.1299999952316284,85111042.0,96175477.05415893,1.0
2024-10-23,1.1299999952316284,1.1799999475479126,1.1200000047683716,1.159999966621399,148942638.0,172773455.1085031,1.0
2024-10-24,1.149999976158142,1.1799999475479126,1.1399999856948853,1.159999966621399,116525088.0,135169098.19055557,1.0
2024-10-25,1.159999966621399,1.1799999475479126,1.159999966621399,1.1799999475479126,100344700.0,118406740.73671104,1.0
2024-10-28,1.190000057220459,1.2400000095367432,1.1799999475479126,1.2400000095367432,153149427.0,189905290.94054675,1.0
2024-10-29,1.2599999904632568,1.2699999809265137,1.2000000476837158,1.2200000286102295,201788400.0,246181853.77321243,1.0
2024-10-30,1.2100000381469729,1.2599999904632568,1.2100000381469729,1.2599999904632568,157701067.0,198703342.91604543,1.0
2024-10-31,1.2599999904632568,1.309999942779541,1.2400000095367432,1.2699999809265137,186048200.0,236281210.4514122,1.0
2024-11-01,1.2699999809265137,1.3300000429153442,1.25,1.3300000429153442,229898348.0,305764812.70616674,1.0
2024-11-04,1.3700000047683716,1.399999976158142,1.3700000047683716,1.399999976158142,47818400.0,66945758.8599205,1.0
2024-11-05,1.4700000286102295,1.4700000286102295,1.4700000286102295,1.4700000286102295,7689503.0,11303569.629998446,1.0
2024-11-06,1.5399999618530271,1.5399999618530271,1.5399999618530271,1.5399999618530271,9052230.0,13940433.85468483,1.0
2024-11-07,1.5299999713897705,1.6200000047683716,1.4600000381469729,1.5499999523162842,508371632.0,787976005.3589516,1.0
2024-11-08,1.590000033378601,1.6200000047683716,1.5299999713897705,1.600000023841858,284263621.0,454821800.37737286,1.0
2024-11-11,1.6299999952316284,1.6799999475479126,1.6100000143051147,1.6799999475479126,113875834.0,191311395.1469748,1.0
2024-11-12,1.7599999904632568,1.7599999904632568,1.6100000143051147,1.6799999475479126,288086352.0,483985056.2492695,1.0
2024-11-13,1.6799999475479126,1.75,1.6200000047683716,1.7300000190734863,312701298.0,540973251.5043039,1.0
2024-11-14,1.75,1.820000052452088,1.7100000381469729,1.820000052452088,352348249.0,641273831.6614012,1.0
2024-11-15,1.7599999904632568,1.840000033378601,1.7300000190734863,1.7300000190734863,293944830.0,508524561.5065527,1.0
2024-11-18,1.6699999570846558,1.7000000476837158,1.6399999856948853,1.6399999856948853,177909800.0,291772069.4549799,1.0
2024-11-19,1.590000033378601,1.6100000143051147,1.559999942779541,1.559999942779541,195970911.0,305714609.9464545,1.0
2024-11-20,1.5700000524520874,1.6399999856948853,1.559999942779541,1.6399999856948853,203203551.0,333253820.7331499,1.0
2024-11-21,1.6200000047683716,1.7100000381469729,1.600000023841858,1.7000000476837158,190144257.0,323245245.9667847,1.0
2024-11-22,1.7000000476837158,1.7699999809265137,1.659999966621399,1.6699999570846558,201647051.0,336750566.5162474,1.0
2024-11-25,1.659999966621399,1.75,1.590000033378601,1.649999976158142,267907349.0,442047119.4625911,1.0
2024-11-26,1.659999966621399,1.6699999570846558,1.5700000524520874,1.5700000524520874,196759817.0,308912923.0104631,1.0
2024-11-27,1.5399999618530271,1.5399999618530271,1.4900000095367432,1.5199999809265137,187911840.0,285625993.2158661,1.0
2024-11-28,1.5199999809265137,1.600000023841858,1.5199999809265137,1.590000033378601,174458811.0,277389515.31319106,1.0
2024-11-29,1.600000023841858,1.6299999952316284,1.5700000524520874,1.6100000143051147,143006900.0,230241111.0457301,1.0
2024-12-02,1.600000023841858,1.649999976158142,1.590000033378601,1.6399999856948853,137056700.0,224772986.0393881,1.0
2024-12-03,1.6399999856948853,1.649999976158142,1.6100000143051147,1.6399999856948853,120382800.0,197427790.27791023,1.0
2024-12-04,1.6299999952316284,1.649999976158142,1.5800000429153442,1.600000023841858,127500400.0,204000643.0398464,1.0
2024-12-05,1.559999942779541,1.590000033378601,1.5499999523162842,1.5800000429153442,118364700.0,187016231.07966185,1.0
2024-12-06,1.5800000429153442,1.6399999856948853,1.5700000524520874,1.6100000143051147,123984446.0,199614959.83361173,1.0
2024-12-09,1.600000023841858,1.6100000143051147,1.5499999523162842,1.5700000524520874,138644746.0,217672258.4922064,1.0
2024-12-10,1.6299999952316284,1.6399999856948853,1.559999942779541,1.5700000524520874,130289700.0,204554835.8339668,1.0
2024-12-11,1.559999942779541,1.600000023841858,1.5499999523162842,1.600000023841858,117201700.0,187522722.79430628,1.0
2024-12-12,1.590000033378601,1.6100000143051147,1.5800000429153442,1.590000033378601,103735705.0,164939774.4125527,1.0
2024-12-13,1.5800000429153442,1.5800000429153442,1.5499999523162842,1.559999942779541,93649805.0,146093690.44131517,1.0
2024-12-16,1.6399999856948853,1.6399999856948853,1.6200000047683716,1.6399999856948853,61657405.0,101118143.31798376,1.0
2024-12-17,1.7200000286102295,1.7200000286102295,1.7200000286102295,1.7200000286102295,11231100.0,19317492.32132435,1.0
2024-12-18,1.7999999523162842,1.809999942779541,1.649999976158142,1.6799999475479126,337751880.0,567423140.6842089,1.0
2024-12-19,1.6699999570846558,1.7599999904632568,1.649999976158142,1.7599999904632568,297075078.0,522852134.4468713,1.0
2024-12-20,1.7200000286102295,1.7799999713897705,1.7100000381469729,1.7300000190734863,192243006.0,332580404.04674435,1.0
2024-12-23,1.7000000476837158,1.7100000381469729,1.6399999856948853,1.6399999856948853,145425400.0,238497653.91967297,1.0
2024-12-24,1.6200000047683716,1.659999966621399,1.559999942779541,1.6100000143051147,161358646.0,259787422.36825395,1.0
2024-12-25,1.590000033378601,1.6100000143051147,1.5499999523162842,1.590000033378601,112957900.0,179603064.77037668,1.0
2024-12-26,1.6699999570846558,1.6699999570846558,1.649999976158142,1.6699999570846558,98333900.0,164217608.77996683,1.0
2024-12-27,1.6799999475479126,1.7400000095367432,1.659999966621399,1.7400000095367432,179151900.0,311724307.70852566,1.0
2024-12-30,1.7100000381469729,1.7599999904632568,1.7000000476837158,1.7200000286102295,133609700.0,229808687.8226041,1.0
2024-12-31,1.7200000286102295,1.7899999618530271,1.7000000476837158,1.7300000190734863,140825289.0,243627752.6560292,1.0
2025-01-02,1.7200000286102295,1.7200000286102295,1.649999976158142,1.659999966621399,135250403.0,224515664.46553075,1.0
2025-01-03,1.659999966621399,1.7300000190734863,1.6100000143051147,1.7200000286102295,144413000.0,248390364.13168907,1.0
2025-01-06,1.75,1.7899999618530271,1.6799999475479126,1.690000057220459,155087976.0,262098688.3142052,1.0
2025-01-07,1.690000057220459,1.7100000381469729,1.6699999570846558,1.7000000476837158,100514900.0,170875334.79292393,1.0
2025-01-08,1.6799999475479126,1.690000057220459,1.6399999856948853,1.649999976158142,114088400.0,188245857.2799205,1.0
2025-01-09,1.6299999952316284,1.649999976158142,1.6100000143051147,1.6100000143051147,106029400.0,170707335.51676273,1.0
2025-01-10,1.600000023841858,1.6299999952316284,1.590000033378601,1.6100000143051147,72973903.0,117487984.87390006,1.0
2025-01-13,1.600000023841858,1.690000057220459,1.5700000524520874,1.6799999475479126,108266864.0,181888325.841177,1.0
2025-01-14,1.649999976158142,1.7000000476837158,1.6399999856948853,1.6799999475479126,106981900.0,179729586.38857603,1.0
2025-01-15,1.6799999475479126,1.7000000476837158,1.659999966621399,1.6799999475479126,77712200.0,130556491.9238329,1.0
2025-01-16,1.6799999475479126,1.690000057220459,1.6699999570846558,1.690000057220459,75493300.0,127583681.31976128,1.0
2025-01-17,1.6699999570846558,1.7000000476837158,1.659999966621399,1.6799999475479126,70872000.0,119064956.28261566,1.0
2025-01-20,1.6799999475479126,1.690000057220459,1.6399999856948853,1.649999976158142,78501800.0,129527968.12837124,1.0
2025-01-21,1.649999976158142,1.7200000286102295,1.6399999856948853,1.6699999570846558,95533500.0,159540940.90014696,1.0
2025-01-22,1.659999966621399,1.659999966621399,1.6100000143051147,1.6100000143051147,95999100.0,154558552.37327814,1.0
2025-01-23,1.659999966621399,1.6699999570846558,1.600000023841858,1.600000023841858,94478995.0,151166394.25255477,1.0
2025-01-24,1.5199999809265137,1.5199999809265137,1.5199999809265137,1.5199999809265137,41004800.0,62327295.21789551,1.0
2025-01-27,1.440000057220459,1.5099999904632568,1.440000057220459,1.4500000476837158,140306384.0,203444263.4903297,1.0
2025-02-05,1.4500000476837158,1.4800000190734863,1.4199999570846558,1.4600000381469729,84033103.0,122688333.58560848,1.0
2025-02-06,1.4600000381469729,1.5299999713897705,1.4500000476837158,1.5199999809265137,120855754.0,183700743.77485943,1.0
2025-02-07,1.5099999904632568,1.5399999618530271,1.5,1.5199999809265137,106975401.0,162602607.47960615,1.0
2025-02-10,1.5199999809265137,1.5399999618530271,1.5,1.5199999809265137,71606600.0,108842030.6342125,1.0
2025-02-11,1.5299999713897705,1.5700000524520874,1.5099999904632568,1.5399999618530271,90782934.0,139805714.8969059,1.0
2025-02-12,1.5399999618530271,1.5499999523162842,1.5099999904632568,1.5399999618530271,87615200.0,134927404.65774536,1.0
2025-02-13,1.5399999618530271,1.5800000429153442,1.5299999713897705,1.5499999523162842,92860200.0,143933305.5720806,1.0
2025-02-14,1.559999942779541,1.6299999952316284,1.5499999523162842,1.6100000143051147,116457226.0,187496135.525934,1.0
2025-02-17,1.6100000143051147,1.6799999475479126,1.600000023841858,1.6799999475479126,144849105.0,243346488.80236208,1.0
2025-02-18,1.6799999475479126,1.690000057220459,1.600000023841858,1.600000023841858,152256903.0,243611048.43008745,1.0
2025-02-19,1.5199999809265137,1.5499999523162842,1.5199999809265137,1.5399999618530271,145299904.0,223761846.6172485,1.0
2025-02-20,1.5299999713897705,1.5499999523162842,1.5,1.5099999904632568,98207714.0,148293647.20341825,1.0
2025-02-21,1.5099999904632568,1.5199999809265137,1.4800000190734863,1.5,90321200.0,135481800.0,1.0
2025-02-24,1.4900000095367432,1.4900000095367432,1.4600000381469729,1.4700000286102295,111043660.0,163234183.3769846,1.0
2025-02-25,1.4500000476837158,1.5,1.4500000476837158,1.4900000095367432,77407815.0,115337645.08821844,1.0
2025-02-26,1.4900000095367432,1.5,1.4500000476837158,1.4600000381469729,106970504.0,156176939.9206009,1.0
2025-02-27,1.4600000381469729,1.4600000381469729,1.4199999570846558,1.4299999475479126,100266822.0,143381550.2007959,1.0
2025-02-28,1.4199999570846558,1.4500000476837158,1.409999966621399,1.4199999570846558,71755030.0,101892139.5206082,1.0
2025-03-03,1.4199999570846558,1.4800000190734863,1.4199999570846558,1.4600000381469729,78142340.0,114087819.3808937,1.0
2025-03-04,1.4500000476837158,1.4600000381469729,1.440000057220459,1.4500000476837158,51324955.0,74421187.19736457,1.0
2025-03-05,1.4500000476837158,1.4900000095367432,1.440000057220459,1.4700000286102295,67864100.0,99760228.94160748,1.0
2025-03-06,1.4800000190734863,1.5099999904632568,1.4700000286102295,1.4800000190734863,73132801.0,108236546.87489748,1.0
2025-03-07,1.4700000286102295,1.4800000190734863,1.4500000476837158,1.4600000381469729,47770300.0,69744639.82229233,1.0
2025-03-10,1.4500000476837158,1.4500000476837158,1.4299999475479126,1.4299999475479126,55156700.0,78874078.10691595,1.0
2025-03-11,1.4299999475479126,1.4800000190734863,1.4199999570846558,1.4500000476837158,66223733.0,96024416.00779366,1.0
2025-03-12,1.4500000476837158,1.4600000381469729,1.440000057220459,1.4500000476837158,45415477.0,65852443.8155787,1.0
2025-03-13,1.4500000476837158,1.4500000476837158,1.4199999570846558,1.4299999475479126,52836800.0,75556621.22859955,1.0
2025-03-14,1.440000057220459,1.4500000476837158,1.4299999475479126,1.4500000476837158,42696010.0,61909216.53590441,1.0
2025-03-17,1.440000057220459,1.4600000381469729,1.4299999475479126,1.4500000476837158,52067400.0,75497732.4827671,1.0
2025-03-18,1.440000057220459,1.5,1.440000057220459,1.4800000190734863,98812737.0,146242852.6447034,1.0
2025-03-19,1.4700000286102295,1.4800000190734863,1.4600000381469729,1.4600000381469729,57969300.0,84635180.2113533,1.0
2025-03-20,1.4600000381469729,1.4900000095367432,1.4500000476837158,1.4700000286102295,59988600.0,88183243.71628761,1.0
2025-03-21,1.4600000381469729,1.4800000190734863,1.440000057220459,1.4500000476837158,57517040.0,83399710.74262619,1.0
2025-03-24,1.4500000476837158,1.4500000476837158,1.409999966621399,1.4199999570846558,69874523.0,99221819.6613108,1.0
2025-03-25,1.4199999570846558,1.440000057220459,1.409999966621399,1.4199999570846558,83843534.0,119057814.68182588,1.0
2025-03-26,1.4199999570846558,1.4700000286102295,1.409999966621399,1.4500000476837158,92167593.0,133643014.24489333,1.0
2025-03-27,1.440000057220459,1.4500000476837158,1.409999966621399,1.4199999570846558,82534200.0,117198560.4580164,1.0
2025-03-28,1.4199999570846558,1.4600000381469729,1.399999976158142,1.4199999570846558,98096700.0,139297309.79014635,1.0
2025-03-31,1.440000057220459,1.4600000381469729,1.4199999570846558,1.4500000476837158,114291721.0,165723000.89985394,1.0
2025-04-01,1.440000057220459,1.4500000476837158,1.3799999952316284,1.3799999952316284,193024196.0,266373389.5595889,1.0
2025-04-02,1.350000023841858,1.3700000047683716,1.309999942779541,1.3200000524520874,133083824.0,175670654.66052437,1.0
2025-04-03,1.309999942779541,1.350000023841858,1.309999942779541,1.350000023841858,69752064.0,94165288.0630188,1.0
2025-04-07,1.2799999713897705,1.2899999618530271,1.2799999713897705,1.2799999713897705,53022900.0,67869310.48300266,1.0
2025-04-08,1.2200000286102295,1.2400000095367432,1.2200000286102295,1.2200000286102295,67804300.0,82721247.93989658,1.0
2025-04-09,1.1699999570846558,1.2599999904632568,1.159999966621399,1.2100000381469729,149789163.0,181244892.9440031,1.0
2025-04-10,1.2100000381469729,1.25,1.2000000476837158,1.2400000095367432,100309234.0,124383451.1166234,1.0
2025-04-11,1.2200000286102295,1.25,1.2200000286102295,1.2400000095367432,67982000.0,84297680.64832687,1.0
2025-04-14,1.2400000095367432,1.2599999904632568,1.2300000190734863,1.25,69042976.0,86303720.0,1.0
2025-04-15,1.2599999904632568,1.309999942779541,1.25,1.309999942779541,94036600.0,123187940.6191826,1.0
2025-04-16,1.3300000429153442,1.3799999952316284,1.309999942779541,1.340000033378601,153201241.0,205289668.0536431,1.0
2025-04-17,1.350000023841858,1.409999966621399,1.340000033378601,1.409999966621399,75002141.0,105753016.30653346,1.0
2025-04-18,1.4199999570846558,1.440000057220459,1.350000023841858,1.350000023841858,148455700.0,200415198.5394597,1.0
2025-04-21,1.3600000143051147,1.3700000047683716,1.309999942779541,1.350000023841858,76945168.0,103875978.63451576,1.0
2025-04-22,1.350000023841858,1.350000023841858,1.3200000524520874,1.3300000429153442,50775500.0,67531417.17904806,1.0
2025-04-23,1.3300000429153442,1.3799999952316284,1.3200000524520874,1.350000023841858,65244300.0,88079806.55554533,1.0
2025-04-24,1.350000023841858,1.3600000143051147,1.3200000524520874,1.3300000429153442,57898900.0,77005539.48475122,1.0
2025-04-25,1.3300000429153442,1.350000023841858,1.309999942779541,1.309999942779541,63359990.0,83001583.27451229,1.0
2025-04-28,1.3200000524520874,1.3200000524520874,1.2400000095367432,1.2400000095367432,93852700.0,116377348.8950491,1.0
2025-04-29,1.2400000095367432,1.2999999523162842,1.2300000190734863,1.2999999523162842,68127630.0,88565915.75142145,1.0
2025-04-30,1.3300000429153442,1.3600000143051147,1.2999999523162842,1.350000023841858,98849507.0,133446836.8067559,1.0
2025-05-06,1.3600000143051147,1.409999966621399,1.3600000143051147,1.3899999856948853,67928200.0,94420197.0282793,1.0
2025-05-07,1.399999976158142,1.409999966621399,1.3600000143051147,1.3899999856948853,69172500.0,96149774.01047944,1.0
2025-05-08,1.409999966621399,1.4600000381469729,1.3899999856948853,1.4600000381469729,148826401.0,217286551.13727665,1.0
2025-05-09,1.4800000190734863,1.5199999809265137,1.4299999475479126,1.4900000095367432,200790444.0,299177763.4748869,1.0
2025-05-12,1.559999942779541,1.559999942779541,1.559999942779541,1.559999942779541,8704700.0,13579331.50191307,1.0
2025-05-13,1.6399999856948853,1.6399999856948853,1.6399999856948853,1.6399999856948853,7404500.0,12143379.894077778,1.0
2025-05-14,1.690000057220459,1.690000057220459,1.5800000429153442,1.600000023841858,359499365.0,575198992.5711328,1.0
2025-05-15,1.600000023841858,1.6100000143051147,1.5199999809265137,1.5199999809265137,199427420.0,303129674.59622383,1.0
2025-05-16,1.4900000095367432,1.5800000429153442,1.4600000381469729,1.5499999523162842,164876039.0,255557852.5880978,1.0
2025-05-19,1.5299999713897705,1.559999942779541,1.5299999713897705,1.5399999618530271,88378000.0,136102116.62864685,1.0
2025-05-20,1.5499999523162842,1.5499999523162842,1.4800000190734863,1.5,110721489.0,166082233.5,1.0
2025-05-21,1.5,1.5800000429153442,1.4900000095367432,1.5800000429153442,144972514.0,229056578.3415453,1.0
2025-05-22,1.559999942779541,1.5700000524520874,1.5199999809265137,1.5299999713897705,108770114.0,166418271.30806208,1.0
2025-05-23,1.559999942779541,1.559999942779541,1.5299999713897705,1.5499999523162842,82836508.0,128396583.4500475,1.0
2025-05-26,1.5299999713897705,1.5499999523162842,1.5099999904632568,1.5299999713897705,55034100.0,84202171.42546177,1.0
2025-05-27,1.5499999523162842,1.590000033378601,1.5299999713897705,1.5399999618530271,88072877.0,135632227.22028637,1.0
2025-05-28,1.5299999713897705,1.5299999713897705,1.5,1.5,75153900.0,112730850.0,1.0
2025-05-29,1.5,1.5399999618530271,1.4900000095367432,1.5099999904632568,64057700.0,96727126.38909817,1.0
2025-05-30,1.5099999904632568,1.5199999809265137,1.4900000095367432,1.4900000095367432,63221300.0,94199737.6029253,1.0
2025-06-03,1.4900000095367432,1.5399999618530271,1.4800000190734863,1.5,85943475.0,128915212.5,1.0
2025-06-04,1.4900000095367432,1.5099999904632568,1.4800000190734863,1.4900000095367432,61054500.0,90971205.58226109,1.0
2025-06-05,1.4900000095367432,1.5099999904632568,1.4800000190734863,1.4900000095367432,58307600.0,86878324.5560646,1.0
2025-06-06,1.4900000095367432,1.4900000095367432,1.4600000381469729,1.4700000286102295,68654012.0,100921399.60420704,1.0
2025-06-09,1.4700000286102295,1.4800000190734863,1.4500000476837158,1.4500000476837158,75825512.0,109946996.01564217,1.0
2025-06-10,1.4600000381469729,1.4900000095367432,1.4500000476837158,1.4600000381469729,90505981.0,132138735.71252918,1.0
2025-06-11,1.4600000381469729,1.4700000286102295,1.440000057220459,1.4500000476837158,60389881.0,87565330.32961392,1.0
2025-06-12,1.4500000476837158,1.4500000476837158,1.4199999570846558,1.4199999570846558,64858525.0,92099102.71657407,1.0
2025-06-13,1.409999966621399,1.4299999475479126,1.3899999856948853,1.4199999570846558,81039700.0,115076370.52215338,1.0
2025-06-16,1.409999966621399,1.4500000476837158,1.399999976158142,1.4199999570846558,72503800.0,102955392.88847446,1.0
2025-06-17,1.4199999570846558,1.4199999570846558,1.399999976158142,1.409999966621399,47307603.0,66703718.65093839,1.0
2025-06-18,1.409999966621399,1.409999966621399,1.3799999952316284,1.3899999856948853,52136200.0,72469317.25418568,1.0
2025-06-19,1.3799999952316284,1.4199999570846558,1.3799999952316284,1.399999976158142,67741300.0,94837818.38492157,1.0
2025-06-20,1.3899999856948853,1.399999976158142,1.3799999952316284,1.3899999856948853,38085200.0,52938427.45518685,1.0
2025-06-23,1.399999976158142,1.4299999475479126,1.3899999856948853,1.409999966621399,58310620.0,82217972.25367308,1.0
2025-06-24,1.4199999570846558,1.4199999570846558,1.399999976158142,1.409999966621399,62175600.0,87667593.92466545,1.0
2025-06-25,1.409999966621399,1.409999966621399,1.3799999952316284,1.399999976158142,78311400.0,109635958.13291071,1.0
2025-06-26,1.3899999856948853,1.4199999570846558,1.3799999952316284,1.399999976158142,70760539.0,99064752.91293728,1.0
2025-06-27,1.3899999856948853,1.4199999570846558,1.3899999856948853,1.399999976158142,69814200.0,97739878.33549976,1.0
2025-06-30,1.399999976158142,1.4299999475479126,1.3899999856948853,1.4299999475479126,91871100.0,131375668.18116903,1.0
2025-07-01,1.4199999570846558,1.4299999475479126,1.409999966621399,1.409999966621399,44789200.0,63152770.50499916,1.0
2025-07-02,1.409999966621399,1.4800000190734863,1.409999966621399,1.4600000381469729,124967240.0,182452175.1671219,1.0
2025-07-03,1.440000057220459,1.4600000381469729,1.440000057220459,1.440000057220459,58070940.0,83622156.92284584,1.0
2025-07-04,1.4500000476837158,1.5099999904632568,1.440000057220459,1.4800000190734863,106453250.0,157550812.0304346,1.0
2025-07-07,1.4800000190734863,1.5099999904632568,1.4600000381469729,1.4900000095367432,75406300.0,112355387.71913052,1.0
2025-07-08,1.5,1.5199999809265137,1.4800000190734863,1.4900000095367432,71618550.0,106711640.18300772,1.0
2025-07-09,1.4900000095367432,1.5,1.4600000381469729,1.4700000286102295,84489800.0,124200008.41727255,1.0
2025-07-10,1.5099999904632568,1.5399999618530271,1.5099999904632568,1.5399999618530271,189391195.0,291662433.07529926,1.0
2025-07-11,1.5499999523162842,1.559999942779541,1.4800000190734863,1.5,164045918.0,246068877.0,1.0
2025-07-14,1.4900000095367432,1.5,1.4500000476837158,1.4700000286102295,88781089.0,130508203.37004732,1.0
2025-07-15,1.4600000381469729,1.4800000190734863,1.4500000476837158,1.4600000381469729,66562848.0,97181760.61917114,1.0
2025-07-16,1.4600000381469729,1.4700000286102295,1.4500000476837158,1.4600000381469729,41206803.0,60161933.95191479,1.0
2025-07-17,1.4600000381469729,1.4600000381469729,1.4299999475479126,1.440000057220459,56825765.0,81829104.85159636,1.0
2025-07-18,1.4500000476837158,1.4800000190734863,1.4299999475479126,1.4600000381469729,82113312.0,119885438.65237428,1.0
2025-07-21,1.4500000476837158,1.4600000381469729,1.440000057220459,1.4500000476837158,55212700.0,80058417.6327467,1.0
2025-07-22,1.4500000476837158,1.4600000381469729,1.4299999475479126,1.440000057220459,54721600.0,78799107.13119507,1.0
2025-07-23,1.440000057220459,1.4500000476837158,1.4299999475479126,1.440000057220459,49637100.0,71477426.84025764,1.0
2025-07-24,1.440000057220459,1.4600000381469729,1.4299999475479126,1.4500000476837158,70148700.0,101715618.34495068,1.0
2025-07-25,1.4500000476837158,1.4600000381469729,1.440000057220459,1.4500000476837158,49248900.0,71410907.34837055,1.0
2025-07-28,1.440000057220459,1.4500000476837158,1.4299999475479126,1.440000057220459,43369400.0,62451938.481616974,1.0
2025-07-29,1.440000057220459,1.4500000476837158,1.4199999570846558,1.4500000476837158,70762955.0,102606288.12424064,1.0
2025-07-30,1.440000057220459,1.4500000476837158,1.4199999570846558,1.4299999475479126,54939400.0,78563339.11831379,1.0
2025-07-31,1.4199999570846558,1.4299999475479126,1.409999966621399,1.409999966621399,60714900.0,85608006.97342157,1.0
2025-08-01,1.409999966621399,1.4299999475479126,1.399999976158142,1.4199999570846558,36287200.0,51527822.44272232,1.0
2025-08-04,1.409999966621399,1.4199999570846558,1.399999976158142,1.409999966621399,38918900.0,54875647.70094156,1.0
2025-08-05,1.409999966621399,1.4199999570846558,1.399999976158142,1.409999966621399,38249000.0,53931088.72330189,1.0
2025-08-06,1.409999966621399,1.4199999570846558,1.399999976158142,1.409999966621399,54407600.0,76714714.18395042,1.0
2025-08-07,1.399999976158142,1.409999966621399,1.3899999856948853,1.399999976158142,52337900.0,73273058.75216722,1.0
2025-08-08,1.399999976158142,1.399999976158142,1.3899999856948853,1.3899999856948853,43752925.0,60816565.12410939,1.0
2025-08-11,1.3899999856948853,1.4299999475479126,1.3899999856948853,1.4199999570846558,92630300.0,131535022.0247388,1.0
2025-08-12,1.409999966621399,1.4199999570846558,1.399999976158142,1.409999966621399,43185300.0,60891271.5585351,1.0
2025-08-13,1.409999966621399,1.4199999570846558,1.399999976158142,1.409999966621399,45002800.0,63453946.49786949,1.0
2025-08-14,1.409999966621399,1.4199999570846558,1.3899999856948853,1.3899999856948853,61716300.0,85785656.11714125,1.0
2025-08-15,1.399999976158142,1.4199999570846558,1.3899999856948853,1.409999966621399,66774600.0,94152183.77115726,1.0
2025-08-18,1.399999976158142,1.409999966621399,1.3899999856948853,1.399999976158142,93567896.0,130995052.16916752,1.0
2025-08-19,1.399999976158142,1.409999966621399,1.3799999952316284,1.3899999856948853,113865696.0,158273315.81113815,1.0
2025-08-20,1.3799999952316284,1.3899999856948853,1.3600000143051147,1.3600000143051147,118731620.0,161475004.89846945,1.0
2025-08-21,1.3700000047683716,1.3799999952316284,1.3600000143051147,1.3700000047683716,97194434.0,133156375.04345918,1.0
2025-08-22,1.3700000047683716,1.3799999952316284,1.3300000429153442,1.350000023841858,132007056.0,178209528.74729347,1.0
2025-08-25,1.350000023841858,1.3899999856948853,1.340000033378601,1.3700000047683716,163108927.0,223459230.767764,1.0
2025-08-26,1.3600000143051147,1.3700000047683716,1.350000023841858,1.3600000143051147,96836601.0,131697778.74525867,1.0
2025-08-27,1.350000023841858,1.3600000143051147,1.3300000429153442,1.340000033378601,98872100.0,132488617.30021238,1.0
2025-08-28,1.340000033378601,1.3600000143051147,1.3300000429153442,1.340000033378601,105030643.0,140741065.12577593,1.0
2025-08-29,1.340000033378601,1.350000023841858,1.309999942779541,1.3200000524520874,103800009.0,137016017.32452714,1.0
2025-09-01,1.3200000524520874,1.340000033378601,1.3200000524520874,1.3300000429153442,91033912.0,121075106.86675169,1.0
2025-09-02,1.3200000524520874,1.3300000429153442,1.309999942779541,1.3200000524520874,84342203.0,111331712.3839246,1.0
2025-09-03,1.3200000524520874,1.3300000429153442,1.309999942779541,1.3200000524520874,64264301.0,84828880.69079673,1.0
2025-09-04,1.3200000524520874,1.3899999856948853,1.309999942779541,1.3600000143051147,208757629.0,283910378.42630184,1.0
2025-09-05,1.350000023841858,1.3600000143051147,1.3300000429153442,1.3300000429153442,118185910.0,157187265.371989,1.0
2025-09-08,1.340000033378601,1.3700000047683716,1.3300000429153442,1.3600000143051147,83135700.0,113064553.18926571,1.0
2025-09-09,1.399999976158142,1.4299999475479126,1.3799999952316284,1.4299999475479126,211119903.0,301901450.2163204,1.0
2025-09-10,1.4299999475479126,1.4800000190734863,1.409999966621399,1.4500000476837158,257063685.0,372742355.5077517,1.0
2025-09-11,1.4500000476837158,1.4500000476837158,1.4500000476837158,1.4500000476837158,0.0,0.0,1.0
2025-09-12,1.4600000381469729,1.4700000286102295,1.399999976158142,1.409999966621399,192053814.0,270795871.3295124,1.0
2025-09-15,1.399999976158142,1.409999966621399,1.3600000143051147,1.3799999952316284,135607155.0,187137873.2533747,1.0
2025-09-16,1.3899999856948853,1.4299999475479126,1.3799999952316284,1.409999966621399,113925400.0,160634810.19732952,1.0
2025-09-17,1.4199999570846558,1.4299999475479126,1.399999976158142,1.409999966621399,75689803.0,106722619.70358026,1.0
2025-09-18,1.409999966621399,1.4600000381469729,1.399999976158142,1.4299999475479126,132048347.0,188829129.28378856,1.0
2025-09-19,1.4299999475479126,1.440000057220459,1.399999976158142,1.4299999475479126,97200938.0,138997336.2416079,1.0
2025-09-22,1.4299999475479126,1.440000057220459,1.399999976158142,1.409999966621399,68572600.0,96687363.71114254,1.0
2025-09-23,1.4199999570846558,1.440000057220459,1.399999976158142,1.4199999570846558,86987035.0,123521585.96692143,1.0
2025-09-24,1.4199999570846558,1.4299999475479126,1.399999976158142,1.409999966621399,76516100.0,107887698.44599962,1.0
2025-09-25,1.409999966621399,1.4199999570846558,1.3899999856948853,1.399999976158142,73958200.0,103541478.2366991,1.0
2025-09-26,1.399999976158142,1.409999966621399,1.3899999856948853,1.3899999856948853,58602108.0,81456929.28169012,1.0
2025-09-29,1.3899999856948853,1.399999976158142,1.3799999952316284,1.3899999856948853,61637500.0,85676124.11826849,1.0
2025-09-30,1.3899999856948853,1.3899999856948853,1.3700000047683716,1.3799999952316284,60743242.0,83825673.67035365,1.0
2025-10-09,1.3799999952316284,1.3899999856948853,1.3600000143051147,1.3700000047683716,76755800.0,105155446.36600018,1.0
2025-10-10,1.3600000143051147,1.3700000047683716,1.350000023841858,1.3600000143051147,52465460.0,71353026.35052443,1.0
2025-10-13,1.3300000429153442,1.350000023841858,1.3200000524520874,1.350000023841858,54117600.0,73058761.29026413,1.0
2025-10-14,1.350000023841858,1.409999966621399,1.350000023841858,1.3799999952316284,91782458.0,126659791.60234714,1.0
2025-10-15,1.3700000047683716,1.3899999856948853,1.3700000047683716,1.3799999952316284,58539823.0,80784955.46086037,1.0
2025-10-16,1.3799999952316284,1.3899999856948853,1.3700000047683716,1.3799999952316284,44709400.0,61698971.78680897,1.0
2025-10-17,1.3799999952316284,1.4199999570846558,1.3799999952316284,1.3899999856948853,86195079.0,119811158.5769695,1.0
2025-10-20,1.3899999856948853,1.3899999856948853,1.3700000047683716,1.3799999952316284,52474660.0,72415030.54978132,1.0
2025-10-21,1.3899999856948853,1.409999966621399,1.3799999952316284,1.399999976158142,65528100.0,91739338.43768837,1.0
2025-10-22,1.3899999856948853,1.440000057220459,1.3899999856948853,1.399999976158142,80004678.0,112006547.29253983,1.0
2025-10-23,1.399999976158142,1.409999966621399,1.3899999856948853,1.399999976158142,52621278.0,73669787.94541097,1.0
2025-10-24,1.399999976158142,1.4199999570846558,1.3899999856948853,1.399999976158142,63585500.0,89019698.48400354,1.0
2025-10-27,1.399999976158142,1.409999966621399,1.3899999856948853,1.399999976158142,49216000.0,68902398.82659912,1.0
2025-10-28,1.3899999856948853,1.399999976158142,1.3799999952316284,1.3899999856948853,44522400.0,61886135.36310196,1.0
2025-10-29,1.3899999856948853,1.399999976158142,1.3700000047683716,1.399999976158142,66627213.0,93278096.61148344,1.0
2025-10-30,1.3899999856948853,1.409999966621399,1.3700000047683716,1.3799999952316284,78573935.0,108432029.92533028,1.0
2025-10-31,1.3799999952316284,1.399999976158142,1.3700000047683716,1.399999976158142,68820744.0,96349039.9591856,1.0
2025-11-03,1.3899999856948853,1.399999976158142,1.3700000047683716,1.3799999952316284,65543403.0,90449895.8274647,1.0
2025-11-04,1.3799999952316284,1.3899999856948853,1.3700000047683716,1.3799999952316284,41554200.0,57344795.80185413,1.0
2025-11-05,1.3799999952316284,1.3899999856948853,1.3700000047683716,1.3899999856948853,50770800.0,70571411.27371788,1.0
2025-11-06,1.3799999952316284,1.3899999856948853,1.3700000047683716,1.3700000047683716,51459400.0,70499378.24537754,1.0
2025-11-07,1.3799999952316284,1.409999966621399,1.3700000047683716,1.3899999856948853,101970300.0,141738715.54130316,1.0
2025-11-10,1.3899999856948853,1.3899999856948853,1.3799999952316284,1.3899999856948853,46145600.0,64142383.3398819,1.0
2025-11-11,1.3899999856948853,1.409999966621399,1.3799999952316284,1.399999976158142,62542450.0,87559428.5088718,1.0
2025-11-12,1.399999976158142,1.4299999475479126,1.3899999856948853,1.399999976158142,108330025.0,151662032.41721094,1.0
2025-11-13,1.409999966621399,1.4700000286102295,1.3899999856948853,1.4700000286102295,247230086.0,363428233.4933095,1.0
2025-11-14,1.4500000476837158,1.5399999618530271,1.4500000476837158,1.5399999618530271,161036539.0,247996263.91694355,1.0
2025-11-17,1.559999942779541,1.5800000429153442,1.4700000286102295,1.4800000190734863,269978901.0,399568778.6294389,1.0
2025-11-18,1.4900000095367432,1.5499999523162842,1.4800000190734863,1.5299999713897705,229121688.0,350556176.0847759,1.0
2025-11-19,1.5,1.5199999809265137,1.4600000381469729,1.4800000190734863,152597517.0,225844328.07056665,1.0
2025-11-20,1.4800000190734863,1.5,1.4600000381469729,1.4800000190734863,112490080.0,166485320.545578,1.0
2025-11-21,1.4700000286102295,1.4800000190734863,1.4199999570846558,1.4299999475479126,139595700.0,199621843.6779141,1.0
2025-11-24,1.4299999475479126,1.4500000476837158,1.4199999570846558,1.4299999475479126,71748232.0,102599967.99665546,1.0
2025-11-25,1.4299999475479126,1.4600000381469729,1.4299999475479126,1.4500000476837158,73143308.0,106057800.08774471,1.0
2025-11-26,1.4500000476837158,1.4600000381469729,1.440000057220459,1.440000057220459,53057906.0,76403387.67599773,1.0
2025-11-27,1.440000057220459,1.4600000381469729,1.4299999475479126,1.4500000476837158,63703391.0,92369919.9876144,1.0
2025-11-28,1.440000057220459,1.5099999904632568,1.440000057220459,1.4800000190734863,125270189.0,185399882.10933924,1.0
2025-12-01,1.4700000286102295,1.4900000095367432,1.4500000476837158,1.4800000190734863,92723651.0,137231005.2485633,1.0
2025-12-02,1.4800000190734863,1.5299999713897705,1.4700000286102295,1.5,96744102.0,145116153.0,1.0
2025-12-03,1.5,1.5199999809265137,1.4800000190734863,1.5099999904632568,78990344.0,119275418.68668938,1.0
2025-12-04,1.5099999904632568,1.5199999809265137,1.4800000190734863,1.4900000095367432,84711827.0,126220623.03787494,1.0
2025-12-05,1.4900000095367432,1.5099999904632568,1.4700000286102295,1.4900000095367432,69105229.0,102966791.86903882,1.0
2025-12-08,1.5,1.5299999713897705,1.4800000190734863,1.5,110473649.0,165710473.5,1.0
2025-12-09,1.4900000095367432,1.5,1.4700000286102295,1.4700000286102295,76002842.0,111724179.91445877,1.0
2025-12-10,1.4800000190734863,1.5099999904632568,1.4600000381469729,1.4900000095367432,106914283.0,159302282.68961406,1.0
2025-12-11,1.4800000190734863,1.4900000095367432,1.4500000476837158,1.4600000381469729,90084429.0,131523269.77644823,1.0
2025-12-12,1.4600000381469729,1.4900000095367432,1.4500000476837158,1.4700000286102295,68091586.0,100094633.3681159,1.0
2025-12-15,1.4700000286102295,1.4900000095367432,1.4600000381469729,1.4800000190734863,49470821.0,73216816.02358103,1.0
2025-12-16,1.5199999809265137,1.5499999523162842,1.5099999904632568,1.5499999523162842,247034828.0,382903971.6204615,1.0
2025-12-17,1.5299999713897705,1.5399999618530271,1.4700000286102295,1.4800000190734863,222372830.0,329111792.64142513,1.0
2025-12-18,1.4700000286102295,1.5,1.4600000381469729,1.4700000286102295,100380758.0,147559717.13191652,1.0
2025-12-19,1.4600000381469729,1.4900000095367432,1.4600000381469729,1.4800000190734863,76591026.0,113354719.94085789,1.0
2025-12-22,1.4800000190734863,1.4900000095367432,1.4700000286102295,1.4700000286102295,61452799.0,90335616.28817868,1.0
2025-12-23,1.4800000190734863,1.5,1.4700000286102295,1.4800000190734863,91420360.0,135302134.543705,1.0
2025-12-24,1.4800000190734863,1.4900000095367432,1.4700000286102295,1.4800000190734863,65761080.0,97326399.65429306,1.0
2025-12-25,1.4800000190734863,1.4900000095367432,1.4700000286102295,1.4800000190734863,67210211.0,99471113.56193304,1.0
2025-12-26,1.4700000286102295,1.4800000190734863,1.4500000476837158,1.4600000381469729,84329964.0,123121750.65693285,1.0
2025-12-29,1.4500000476837158,1.4600000381469729,1.440000057220459,1.440000057220459,75551425.0,108794056.32308722,1.0
2025-12-30,1.440000057220459,1.4600000381469729,1.440000057220459,1.440000057220459,61206275.0,88137039.50225115,1.0
2025-12-31,1.440000057220459,1.4500000476837158,1.4299999475479126,1.440000057220459,56304387.0,81078320.50176287,1.0
2026-01-05,1.440000057220459,1.4600000381469729,1.4299999475479126,1.4500000476837158,74942433.0,108666531.42353368,1.0
2026-01-06,1.45,1.46,1.44,1.46,732358.0,106181854.68,1.0
2026-01-07,1.4500000476837158,1.4700000286102295,1.4500000476837158,1.4600000381469729,80341706.0,117298893.82479286,1.0
2026-01-08,1.4600000381469729,1.5099999904632568,1.4600000381469729,1.4900000095367432,116783458.0,174007353.53373384,1.0
2026-01-09,1.4900000095367432,1.4900000095367432,1.4600000381469729,1.4700000286102295,102692761.0,150958361.60806346,1.0
2026-01-12,1.47,1.48,1.45,1.46,833280.0,121431841.38,1.0
2026-01-13,1.46,1.46,1.44,1.45,818948.0,118681425.05,1.0
2026-01-14,1.4500000476837158,1.4600000381469729,1.4299999475479126,1.440000057220459,79451219.0,114409759.90623522,1.0
2026-01-15,1.44,1.47,1.44,1.46,816626.0,119009928.91,1.0
2026-01-16,1.46,1.47,1.44,1.46,651233.0,94698451.3,1.0
2026-01-19,1.4600000381469729,1.4600000381469729,1.4500000476837158,1.4600000381469729,37403472.0,54609070.54682922,1.0
2026-01-20,1.45,1.48,1.45,1.46,729159.0,106819735.54,1.0
2026-01-21,1.47,1.49,1.46,1.48,763716.0,112838337.14,1.0
2026-01-22,1.4700000286102295,1.4800000190734863,1.4600000381469729,1.4800000190734863,66477159.0,98386196.58795118,1.0
2026-01-23,1.48,1.51,1.47,1.49,1099260.0,164276611.17,1.0
2026-01-26,1.49,1.49,1.46,1.48,760246.0,112216134.06,1.0
2026-01-27,1.4700000286102295,1.5,1.4600000381469729,1.4900000095367432,89859398.0,133890503.876966,1.0
2026-01-28,1.49,1.49,1.47,1.49,621856.0,92035912.86,1.0
2026-01-29,1.4800000190734863,1.5,1.4700000286102295,1.5,96807311.0,145210966.5,1.0
2026-01-30,1.5,1.5,1.47,1.48,844581.0,125302615.52,1.0
2026-02-02,1.5,1.55,1.48,1.48,3982111.0,605199547.6,1.0
2026-02-03,1.48,1.49,1.43,1.45,1981811.0,289266199.48,1.0
2026-02-04,1.45,1.47,1.44,1.46,1313788.0,191422299.12,1.0
2026-02-05,1.4600000381469729,1.4600000381469729,1.4299999475479126,1.440000057220459,127852368.0,184107417.2357712,1.0
2026-02-06,1.4299999475479126,1.4500000476837158,1.4299999475479126,1.440000057220459,84792972.0,122101884.53189278,1.0
2026-02-09,1.4500000476837158,1.4500000476837158,1.4299999475479126,1.440000057220459,72601016.0,104545467.19426346,1.0
2026-02-10,1.4500000476837158,1.4500000476837158,1.4299999475479126,1.440000057220459,62275440.0,89676637.16342926,1.0
2026-02-11,1.43,1.44,1.42,1.42,708954.0,101105798.54,1.0
2026-02-12,1.42,1.45,1.41,1.43,1176134.0,167807762.08,1.0
2026-02-13,1.4199999570846558,1.440000057220459,1.4199999570846558,1.4199999570846558,67587316.0,95973985.81946708,1.0
2026-02-24,1.4299999475479126,1.440000057220459,1.4199999570846558,1.4299999475479126,70387229.0,100653733.77804293,1.0
2026-02-25,1.4299999475479126,1.4500000476837158,1.4199999570846558,1.440000057220459,92707711.0,133499109.14477776,1.0
2026-02-26,1.45,1.46,1.43,1.44,774867.0,111798005.87,1.0
2026-02-27,1.44,1.44,1.43,1.44,427233.0,61262794.26,1.0
2026-03-02,1.4199999570846558,1.4299999475479126,1.409999966621399,1.409999966621399,93147396.0,131337825.25087024,1.0
2026-03-03,1.409999966621399,1.4199999570846558,1.3700000047683716,1.3799999952316284,110724439.0,152799725.29202473,1.0
2026-03-04,1.37,1.38,1.35,1.37,761593.0,103978932.98,1.0
2026-03-05,1.3799999952316284,1.3899999856948853,1.3700000047683716,1.3799999952316284,58251646.0,80387271.2022345,1.0
2026-03-06,1.3799999952316284,1.409999966621399,1.3700000047683716,1.399999976158142,72321840.0,101250574.27571297,1.0
2026-03-09,1.38,1.39,1.37,1.38,855304.0,117615502.66,1.0
2026-03-10,1.3899999856948853,1.3899999856948853,1.3799999952316284,1.3899999856948853,44181650.0,61412492.86797643,1.0
2026-03-11,1.39,1.39,1.38,1.39,401045.0,55487168.18,1.0
2026-03-12,1.3799999952316284,1.3899999856948853,1.3700000047683716,1.3700000047683716,61510848.0,84269862.05330658,1.0
2026-03-13,1.3799999952316284,1.399999976158142,1.3799999952316284,1.3799999952316284,93241325.0,128673028.05539072,1.0
2026-03-16,1.3799999952316284,1.3899999856948853,1.3700000047683716,1.3799999952316284,53887597.0,74364883.60304391,1.0
2026-03-17,1.3799999952316284,1.4199999570846558,1.3799999952316284,1.3899999856948853,108782961.0,151208314.23384726,1.0
2026-03-18,1.3799999952316284,1.3899999856948853,1.3700000047683716,1.3799999952316284,69761491.0,96270857.24735127,1.0
2026-03-19,1.37,1.38,1.35,1.36,838139.0,114303580.95,1.0
2026-03-20,1.3600000143051147,1.3600000143051147,1.340000033378601,1.350000023841858,60594885.0,81803096.19469464,1.0
2026-03-23,1.340000033378601,1.340000033378601,1.2799999713897705,1.2799999713897705,116937972.0,149680600.81437778,1.0
2026-03-24,1.2899999618530271,1.3200000524520874,1.2899999618530271,1.3200000524520874,72629055.0,95870356.40954554,1.0
2026-03-25,1.309999942779541,1.3300000429153442,1.309999942779541,1.3200000524520874,64687857.0,85387974.63301313,1.0
2026-03-26,1.32,1.33,1.31,1.31,510040.0,67268397.03,1.0
2026-03-27,1.309999942779541,1.3700000047683716,1.2999999523162842,1.3600000143051147,119387532.0,162367045.22785234,1.0
2026-03-30,1.340000033378601,1.3700000047683716,1.3300000429153442,1.3700000047683716,86508077.0,118516065.90250266,1.0
2026-03-31,1.3700000047683716,1.409999966621399,1.3600000143051147,1.3600000143051147,100307150.0,136417725.4349053,1.0
2026-04-01,1.38,1.39,1.36,1.37,635091.0,87285292.0,1.0
2026-04-02,1.3700000047683716,1.3799999952316284,1.350000023841858,1.3600000143051147,52913293.0,71962079.23693073,1.0
2026-04-03,1.36,1.37,1.34,1.35,400131.0,54041307.48,1.0
2026-04-07,1.35,1.37,1.34,1.37,336508.0,45769828.64,1.0
2026-04-08,1.38,1.39,1.38,1.38,420643.0,58253968.34,1.0
2026-04-09,1.38,1.38,1.36,1.37,373889.0,51340844.08,1.0
2026-04-10,1.38,1.39,1.37,1.38,412637.0,56903264.53,1.0
2026-04-13,1.37,1.39,1.36,1.38,717489.0,98577020.22,1.0
2026-04-14,1.39,1.45,1.38,1.45,1630088.0,231717127.56,1.0
2026-04-15,1.44,1.47,1.42,1.43,1323359.0,190373127.89,1.0
2026-04-16,1.43,1.45,1.41,1.43,867218.0,123864954.35,1.0
2026-04-17,1.43,1.49,1.42,1.46,1256652.0,183448807.19,1.0
2026-04-20,1.47,1.49,1.46,1.47,945414.0,139043375.42,1.0
2026-04-21,1.48,1.48,1.43,1.44,1087583.0,157641276.91,1.0
2026-04-22,1.44,1.45,1.43,1.44,585592.0,84256307.64,1.0
2026-04-23,1.44,1.45,1.41,1.42,689009.0,98290164.53,1.0
2026-04-24,1.43,1.46,1.42,1.45,925047.0,133124605.41,1.0
2026-04-27,1.46,1.51,1.45,1.48,1399134.0,207832016.02,1.0
2026-04-28,1.49,1.5,1.41,1.41,2008597.0,288942583.28,1.0
2026-04-29,1.41,1.43,1.38,1.4,1108661.0,155644930.13,1.0
2026-04-30,1.4,1.41,1.39,1.4,669081.0,93543624.89,1.0
2026-05-06,1.41,1.41,1.39,1.41,722247.0,101103363.11,1.0
2026-05-07,1.399999976158142,1.409999966621399,1.3799999952316284,1.3899999856948853,71769608.0,99759754.09332752,1.0
2026-05-08,1.3899999856948853,1.399999976158142,1.3799999952316284,1.399999976158142,52637502.0,73692501.54502416,1.0
2026-05-11,1.399999976158142,1.399999976158142,1.3899999856948853,1.3899999856948853,66578043.0,92543478.81759346,1.0
2026-05-12,1.3899999856948853,1.399999976158142,1.3700000047683716,1.3799999952316284,68951956.0,95153698.95121144,1.0
2026-05-13,1.3799999952316284,1.3899999856948853,1.3700000047683716,1.3799999952316284,56772497.0,78346045.58928764,1.0
2026-05-14,1.3799999952316284,1.4500000476837158,1.3700000047683716,1.4199999570846558,176583230.0,250748179.0218699,1.0
2026-05-15,1.4199999570846558,1.4299999475479126,1.3899999856948853,1.409999966621399,93716747.0,132140610.14186607,1.0
2026-05-18,1.409999966621399,1.440000057220459,1.399999976158142,1.4299999475479126,98890133.0,141412885.0030061,1.0
2026-05-19,1.4299999475479126,1.4500000476837158,1.4199999570846558,1.440000057220459,76352765.0,109947985.96894026,1.0
2026-05-20,1.440000057220459,1.4800000190734863,1.4299999475479126,1.4600000381469729,113175324.0,165235977.357296,1.0
2026-05-21,1.4700000286102295,1.4800000190734863,1.440000057220459,1.4500000476837158,107032743.0,155197482.4537189,1.0
2026-05-22,1.4500000476837158,1.4700000286102295,1.440000057220459,1.4700000286102295,91975164.0,135203493.71143055,1.0
2026-05-25,1.4500000476837158,1.4600000381469729,1.440000057220459,1.440000057220459,83601528.0,120386205.1037178,1.0
2026-05-26,1.4500000476837158,1.4600000381469729,1.4199999570846558,1.440000057220459,69871288.0,100614658.71806715,1.0
2026-05-27,1.4299999475479126,1.440000057220459,1.399999976158142,1.409999966621399,75300569.0,106173799.77657236,1.0
2026-05-28,1.41,1.43,1.4,1.43,526913.0,74825556.46,1.0
2026-05-29,1.440000057220459,1.4800000190734863,1.4299999475479126,1.4600000381469729,107279693.0,156628355.87239552,1.0
2026-06-01,1.4500000476837158,1.4600000381469729,1.440000057220459,1.4600000381469729,65122125.0,95078304.98421192,1.0
2026-06-02,1.4600000381469729,1.4700000286102295,1.4500000476837158,1.4600000381469729,65579265.0,95745729.40165044,1.0
2026-06-03,1.4600000381469729,1.4700000286102295,1.440000057220459,1.440000057220459,54571468.0,78582917.04260445,1.0
2026-06-04,1.440000057220459,1.440000057220459,1.399999976158142,1.4199999570846558,69661957.0,98919975.95043314,1.0
2026-06-05,1.409999966621399,1.4299999475479126,1.399999976158142,1.399999976158142,71693997.0,100371594.09068193,1.0
2026-06-08,1.3899999856948853,1.399999976158142,1.3700000047683716,1.3799999952316284,75690354.0,104452688.15908028,1.0
2026-06-09,1.3700000047683716,1.409999966621399,1.3600000143051147,1.399999976158142,77327088.0,108257921.35637856,1.0
2026-06-10,1.3799999952316284,1.3899999856948853,1.350000023841858,1.3600000143051147,74225596.0,100946811.62180568,1.0
2026-06-11,1.3600000143051147,1.3700000047683716,1.340000033378601,1.340000033378601,59193114.0,79318774.73578334,1.0
2026-06-12,1.350000023841858,1.3700000047683716,1.340000033378601,1.3700000047683716,47224628.0,64697740.585184574,1.0
2026-06-15,1.3700000047683716,1.3799999952316284,1.350000023841858,1.3600000143051147,47484478.0,64578890.75927091,1.0
2026-06-16,1.3600000143051147,1.3700000047683716,1.350000023841858,1.3600000143051147,53245874.0,72414389.40168834,1.0
2026-06-17,1.3600000143051147,1.3700000047683716,1.340000033378601,1.340000033378601,52828775.0,70790560.2633506,1.0
2026-06-18,1.340000033378601,1.350000023841858,1.3200000524520874,1.340000033378601,54069818.0,72453557.92477489,1.0
